INT	STRING	STRING	STRING	STRING	STRING	INT	INT	INT	STRING	INT	INT	INT	INT	INT	INT	INT	INT	INT	INT	INT	INT	INT	INT	INT	INT	INT	INT	INT	INT	INT	INT	INT	INT	INT	INT	INT	INT	INT	INT	INT	INT	INT	INT	INT	INT	INT	INT	INT	INT	INT	INT	INT	INT	INT	INT	INT	INT	INT	INT	INT
id	名字	代号	BOSS名	代号	res	流程号	精英流程号	role_id	image_text	star1	type	value1	value2	value3	type	value1	value2	value3	type	value1	value2	value3	type	value1	value2	value3	star2	type	value1	value2	value3	type	value1	value2	value3	type	value1	value2	value3	type	value1	value2	value3	star3	type	value1	value2	value3	type	value1	value2	value3	type	value1	value2	value3	type	value1	value2	value3
1	第1章 初次试炼	t_map_name_1	斗人	t_map_boss_name_2	bsx_dren	0	0	202	t_map_image_text_2	4	1	1	10000	0	1	2	30	0	2	40040001	50	0	1	7	20000	0	8	1	1	15000	0	1	2	60	0	2	40040001	100	0	1	7	20000	0	12	1	1	15000	0	1	2	90	0	2	40040001	150	0	2	10010007	1	0
2	第2章 电流波动	t_map_name_2	炮姐	t_map_boss_name_3	bsx_ybmq	1000	0	203	t_map_image_text_3	6	1	1	10000	0	1	2	31	0	2	40040001	50	0	1	7	20000	0	12	1	1	15000	0	1	2	61	0	2	40040001	100	0	1	7	20000	0	18	1	1	15000	0	1	2	91	0	2	40040001	150	0	2	10010007	1	0
3	第3章 机械之乱	t_map_name_3	黑色射手	t_map_boss_name_4	bsx_heiyan	2000	0	204	t_map_image_text_4	8	1	1	10000	0	1	2	32	0	2	40040001	50	0	1	7	20000	0	16	1	1	15000	0	1	2	62	0	2	40040001	100	0	1	7	20000	0	24	1	1	15000	0	1	2	92	0	2	40040001	150	0	2	10010007	1	0
4	第4章 肮脏交易	t_map_name_4	波波利	t_map_boss_name_5	bsx_lbli	3000	0	205	t_map_image_text_5	10	1	1	10000	0	1	2	33	0	2	40040001	50	0	1	7	20000	0	20	1	1	15000	0	1	2	63	0	2	40040001	100	0	1	7	20000	0	30	1	1	15000	0	1	2	93	0	2	40040001	150	0	2	10010007	1	0
5	第5章 民主自由	t_map_name_5	ZERO	t_map_boss_name_6	bsx_zero	4000	0	206	t_map_image_text_6	10	1	1	10000	0	1	2	34	0	2	40040001	50	0	1	7	20000	0	20	1	1	15000	0	1	2	64	0	2	40040001	100	0	1	7	20000	0	30	1	1	15000	0	1	2	94	0	2	40040001	150	0	2	10010007	1	0
6	第6章 梦境封锁	t_map_name_6	妖妄之梦	t_map_boss_name_7	bsx_yme	5000	0	207	t_map_image_text_7	10	1	1	10000	0	1	2	35	0	2	40040001	50	0	1	7	20000	0	20	1	1	15000	0	1	2	65	0	2	40040001	100	0	1	7	20000	0	30	1	1	15000	0	1	2	95	0	2	40040001	150	0	2	10010007	1	0
7	第7章 冥界之门	t_map_name_7	幽灵公主	t_map_boss_name_8	bsx_yyz	6000	0	208	t_map_image_text_8	10	1	1	10000	0	1	2	36	0	2	40040001	50	0	1	7	20000	0	20	1	1	15000	0	1	2	66	0	2	40040001	100	0	1	7	20000	0	30	1	1	15000	0	1	2	96	0	2	40040001	150	0	2	10010007	1	0
8	第8章 无名神社	t_map_name_8	红白	t_map_boss_name_9	bsx_bllm	7000	0	209	t_map_image_text_9	10	1	1	10000	0	1	2	37	0	2	40040001	50	0	1	7	20000	0	20	1	1	15000	0	1	2	67	0	2	40040001	100	0	1	7	20000	0	30	1	1	15000	0	1	2	97	0	2	40040001	150	0	2	10010007	1	0
9	第9章 冰之结界	t_map_name_9	C.C	t_map_boss_name_10	bsx_cc	8000	0	211	t_map_image_text_10	10	1	1	10000	0	1	2	38	0	2	40040001	50	0	1	7	20000	0	20	1	1	15000	0	1	2	68	0	2	40040001	100	0	1	7	20000	0	30	1	1	15000	0	1	2	98	0	2	40040001	150	0	2	10010007	1	0
10	第10章 神秘歌声	t_map_name_10	初音战士	t_map_boss_name_11	bsx_chuyin	9000	0	212	t_map_image_text_11	10	1	1	10000	0	1	2	39	0	2	40040001	50	0	1	7	20000	0	20	1	1	15000	0	1	2	69	0	2	40040001	100	0	1	7	20000	0	30	1	1	15000	0	1	2	99	0	2	40040001	150	0	2	10010007	1	0
11	第11章 平行世界	t_map_name_11	明日少尉	t_map_boss_name_1	bsx_mrx	10000	0	201	t_map_image_text_1	10	1	1	20000	0	1	2	40	0	2	40040001	50	0	1	7	40000	0	20	1	1	30000	0	1	2	70	0	2	40040001	100	0	1	7	40000	0	30	1	1	30000	0	1	2	100	0	2	40040001	150	0	2	10010007	1	0
12	第12章 似曾相识	t_map_name_12	炮姐	t_map_boss_name_3	bsx_ybmq	11000	0	203	t_map_image_text_3	10	1	1	20000	0	1	2	41	0	2	40040001	50	0	1	7	40000	0	20	1	1	30000	0	1	2	71	0	2	40040001	100	0	1	7	40000	0	30	1	1	30000	0	1	2	101	0	2	40040001	150	0	2	10010007	1	0
13	第13章 全面失控	t_map_name_13	黑色射手	t_map_boss_name_4	bsx_heiyan	12000	0	204	t_map_image_text_4	10	1	1	20000	0	1	2	42	0	2	40040001	50	0	1	7	40000	0	20	1	1	30000	0	1	2	72	0	2	40040001	100	0	1	7	40000	0	30	1	1	30000	0	1	2	102	0	2	40040001	150	0	2	10010007	1	0
14	第14章 星际海关	t_map_name_14	波波利	t_map_boss_name_5	bsx_lbli	13000	0	205	t_map_image_text_5	10	1	1	20000	0	1	2	43	0	2	40040001	50	0	1	7	40000	0	20	1	1	30000	0	1	2	73	0	2	40040001	100	0	1	7	40000	0	30	1	1	30000	0	1	2	103	0	2	40040001	150	0	2	10010007	1	0
15	第15章 埃及后裔	t_map_name_15	zero	t_map_boss_name_6	bsx_zero	14000	0	206	t_map_image_text_6	10	1	1	20000	0	1	2	44	0	2	40040001	50	0	1	7	40000	0	20	1	1	30000	0	1	2	74	0	2	40040001	100	0	1	7	40000	0	30	1	1	30000	0	1	2	104	0	2	40040001	150	0	2	10010007	1	0
16	第16章 时空边缘	t_map_name_16	灼眼公主	t_map_boss_name_15	bsx_xiana	15000	0	401	t_map_image_text_15	10	1	1	20000	0	1	2	45	0	2	40040001	50	0	1	7	40000	0	20	1	1	30000	0	1	2	75	0	2	40040001	100	0	1	7	40000	0	30	1	1	30000	0	1	2	105	0	2	40040001	150	0	2	10010007	1	0
17	第17章 梦中之梦	t_map_name_17	妖妄之梦	t_map_boss_name_7	bsx_yme	16000	0	207	t_map_image_text_7	10	1	1	20000	0	1	2	46	0	2	40040001	50	0	1	7	40000	0	20	1	1	30000	0	1	2	76	0	2	40040001	100	0	1	7	40000	0	30	1	1	30000	0	1	2	106	0	2	40040001	150	0	2	10010007	1	0
18	第18章 坐吃山空	t_map_name_18	幽灵公主	t_map_boss_name_8	bsx_yyz	17000	0	208	t_map_image_text_8	10	1	1	20000	0	1	2	47	0	2	40040001	50	0	1	7	40000	0	20	1	1	30000	0	1	2	77	0	2	40040001	100	0	1	7	40000	0	30	1	1	30000	0	1	2	107	0	2	40040001	150	0	2	10010007	1	0
19	第19章 夜宵异变	t_map_name_19	红白	t_map_boss_name_9	bsx_bllm	18000	0	209	t_map_image_text_9	10	1	1	20000	0	1	2	48	0	2	40040001	50	0	1	7	40000	0	20	1	1	30000	0	1	2	78	0	2	40040001	100	0	1	7	40000	0	30	1	1	30000	0	1	2	108	0	2	40040001	150	0	2	10010007	1	0
20	第20章 活之地狱	t_map_name_20	C.C	t_map_boss_name_10	bsx_cc	19000	0	211	t_map_image_text_10	10	1	1	20000	0	1	2	49	0	2	40040001	50	0	1	7	40000	0	20	1	1	30000	0	1	2	79	0	2	40040001	100	0	1	7	40000	0	30	1	1	30000	0	1	2	109	0	2	40040001	150	0	2	10010007	1	0
21	第21章 星际歌神	t_map_name_21	初音战士	t_map_boss_name_11	bsx_chuyin	20000	0	212	t_map_image_text_11	10	1	1	30000	0	1	2	50	0	2	40040001	50	0	1	7	60000	0	20	1	1	45000	0	1	2	80	0	2	40040001	100	0	1	7	60000	0	30	1	1	45000	0	1	2	110	0	2	40040001	150	0	2	10010007	1	0
22	第22章 回到过去	t_map_name_22	斗人	t_map_boss_name_2	bsx_dren	21000	0	202	t_map_image_text_2	10	1	1	30000	0	1	2	51	0	2	40040001	50	0	1	7	60000	0	20	1	1	45000	0	1	2	81	0	2	40040001	100	0	1	7	60000	0	30	1	1	45000	0	1	2	111	0	2	40040001	150	0	2	10010007	1	0
23	第23章 音速硬币	t_map_name_23	炮姐	t_map_boss_name_3	bsx_ybmq	22000	0	203	t_map_image_text_3	10	1	1	30000	0	1	2	52	0	2	40040001	50	0	1	7	60000	0	20	1	1	45000	0	1	2	82	0	2	40040001	100	0	1	7	60000	0	30	1	1	45000	0	1	2	112	0	2	40040001	150	0	2	10010007	1	0
24	第24章 黑客帝国	t_map_name_24	黑色射手	t_map_boss_name_4	bsx_heiyan	23000	0	204	t_map_image_text_4	10	1	1	30000	0	1	2	53	0	2	40040001	50	0	1	7	60000	0	20	1	1	45000	0	1	2	83	0	2	40040001	100	0	1	7	60000	0	30	1	1	45000	0	1	2	113	0	2	40040001	150	0	2	10010007	1	0
25	第25章 魔能黑手	t_map_name_25	波波利	t_map_boss_name_5	bsx_lbli	24000	0	205	t_map_image_text_5	10	1	1	30000	0	1	2	54	0	2	40040001	50	0	1	7	60000	0	20	1	1	45000	0	1	2	84	0	2	40040001	100	0	1	7	60000	0	30	1	1	45000	0	1	2	114	0	2	40040001	150	0	2	10010007	1	0
26	第26章 伟业中落	t_map_name_26	zero	t_map_boss_name_6	bsx_zero	25000	0	206	t_map_image_text_6	10	1	1	30000	0	1	2	55	0	2	40040001	50	0	1	7	60000	0	20	1	1	45000	0	1	2	85	0	2	40040001	100	0	1	7	60000	0	30	1	1	45000	0	1	2	115	0	2	40040001	150	0	2	10010007	1	0
27	第27章 炎发灼眼	t_map_name_27	灼眼公主	t_map_boss_name_15	bsx_xiana	26000	0	401	t_map_image_text_15	10	1	1	30000	0	1	2	56	0	2	40040001	50	0	1	7	60000	0	20	1	1	45000	0	1	2	86	0	2	40040001	100	0	1	7	60000	0	30	1	1	45000	0	1	2	116	0	2	40040001	150	0	2	10010007	1	0
28	第28章 半灵之殇	t_map_name_28	妖妄之梦	t_map_boss_name_7	bsx_yme	27000	0	207	t_map_image_text_7	10	1	1	30000	0	1	2	57	0	2	40040001	50	0	1	7	60000	0	20	1	1	45000	0	1	2	87	0	2	40040001	100	0	1	7	60000	0	30	1	1	45000	0	1	2	117	0	2	40040001	150	0	2	10010007	1	0
29	第29章 北方幽灵	t_map_name_29	幽灵公主	t_map_boss_name_8	bsx_yyz	28000	0	208	t_map_image_text_8	10	1	1	30000	0	1	2	58	0	2	40040001	50	0	1	7	60000	0	20	1	1	45000	0	1	2	88	0	2	40040001	100	0	1	7	60000	0	30	1	1	45000	0	1	2	118	0	2	40040001	150	0	2	10010007	1	0
30	第30章 市场战争	t_map_name_30	红白	t_map_boss_name_9	bsx_bllm	29000	0	209	t_map_image_text_9	10	1	1	30000	0	1	2	59	0	2	40040001	50	0	1	7	60000	0	20	1	1	45000	0	1	2	89	0	2	40040001	100	0	1	7	60000	0	30	1	1	45000	0	1	2	119	0	2	40040001	150	0	2	10010007	1	0
31	第31章 围魏救赵	t_map_name_31	C.C	t_map_boss_name_10	bsx_cc	30000	0	211	t_map_image_text_10	10	1	1	40000	0	1	2	60	0	2	40040001	50	0	1	7	80000	0	20	1	1	60000	0	1	2	90	0	2	40040001	100	0	1	7	80000	0	30	1	1	60000	0	1	2	120	0	2	40040001	150	0	2	10010007	1	0
32	第32章 歌会请柬	t_map_name_32	初音战士	t_map_boss_name_11	bsx_chuyin	31000	0	212	t_map_image_text_11	10	1	1	40000	0	1	2	61	0	2	40040001	50	0	1	7	80000	0	20	1	1	60000	0	1	2	91	0	2	40040001	100	0	1	7	80000	0	30	1	1	60000	0	1	2	121	0	2	40040001	150	0	2	10010007	1	0
33	第33章 天使星球	t_map_name_33	一卡螺丝	t_map_boss_name_17	bsx_ykls	32000	0	403	t_map_image_text_17	10	1	1	40000	0	1	2	62	0	2	40040001	50	0	1	7	80000	0	20	1	1	60000	0	1	2	92	0	2	40040001	100	0	1	7	80000	0	30	1	1	60000	0	1	2	122	0	2	40040001	150	0	2	10010007	1	0
34	第34章 回到未来	t_map_name_34	明日少尉	t_map_boss_name_1	bsx_mrx	33000	0	201	t_map_image_text_1	10	1	1	40000	0	1	2	63	0	2	40040001	50	0	1	7	80000	0	20	1	1	60000	0	1	2	93	0	2	40040001	100	0	1	7	80000	0	30	1	1	60000	0	1	2	123	0	2	40040001	150	0	2	10010007	1	0
35	第35章 阻击呱太	t_map_name_35	炮姐	t_map_boss_name_3	bsx_ybmq	34000	0	203	t_map_image_text_3	10	1	1	40000	0	1	2	64	0	2	40040001	50	0	1	7	80000	0	20	1	1	60000	0	1	2	94	0	2	40040001	100	0	1	7	80000	0	30	1	1	60000	0	1	2	124	0	2	40040001	150	0	2	10010007	1	0
36	第36章 防御无效	t_map_name_36	黑色射手	t_map_boss_name_4	bsx_heiyan	35000	0	204	t_map_image_text_4	10	1	1	40000	0	1	2	65	0	2	40040001	50	0	1	7	80000	0	20	1	1	60000	0	1	2	95	0	2	40040001	100	0	1	7	80000	0	30	1	1	60000	0	1	2	125	0	2	40040001	150	0	2	10010007	1	0
37	第37章 武器禁运	t_map_name_37	波波利	t_map_boss_name_5	bsx_lbli	36000	0	205	t_map_image_text_5	10	1	1	40000	0	1	2	66	0	2	40040001	50	0	1	7	80000	0	20	1	1	60000	0	1	2	96	0	2	40040001	100	0	1	7	80000	0	30	1	1	60000	0	1	2	126	0	2	40040001	150	0	2	10010007	1	0
38	第38章 连锁效应	t_map_name_38	zero	t_map_boss_name_6	bsx_zero	37000	0	206	t_map_image_text_6	10	1	1	40000	0	1	2	67	0	2	40040001	50	0	1	7	80000	0	20	1	1	60000	0	1	2	97	0	2	40040001	100	0	1	7	80000	0	30	1	1	60000	0	1	2	127	0	2	40040001	150	0	2	10010007	1	0
39	第39章 镜像星球	t_map_name_39	灼眼公主	t_map_boss_name_15	bsx_xiana	38000	0	401	t_map_image_text_15	10	1	1	40000	0	1	2	68	0	2	40040001	50	0	1	7	80000	0	20	1	1	60000	0	1	2	98	0	2	40040001	100	0	1	7	80000	0	30	1	1	60000	0	1	2	128	0	2	40040001	150	0	2	10010007	1	0
40	第40章 异变再临	t_map_name_40	妖妄之梦	t_map_boss_name_7	bsx_yme	39000	0	207	t_map_image_text_7	10	1	1	40000	0	1	2	69	0	2	40040001	50	0	1	7	80000	0	20	1	1	60000	0	1	2	99	0	2	40040001	100	0	1	7	80000	0	30	1	1	60000	0	1	2	129	0	2	40040001	150	0	2	10010007	1	0
41	第41章 肥胖公主	t_map_name_41	幽灵公主	t_map_boss_name_8	bsx_yyz	40000	0	208	t_map_image_text_8	10	1	1	50000	0	1	2	70	0	2	40040001	50	0	1	7	100000	0	20	1	1	75000	0	1	2	100	0	2	40040001	100	0	1	7	100000	0	30	1	1	75000	0	1	2	130	0	2	40040001	150	0	2	10010007	1	0
42	第42章 保险星球	t_map_name_42	红白	t_map_boss_name_9	bsx_bllm	41000	0	209	t_map_image_text_9	10	1	1	50000	0	1	2	71	0	2	40040001	50	0	1	7	100000	0	20	1	1	75000	0	1	2	101	0	2	40040001	100	0	1	7	100000	0	30	1	1	75000	0	1	2	131	0	2	40040001	150	0	2	10010007	1	0
43	第43章 安分不能	t_map_name_43	C.C	t_map_boss_name_10	bsx_cc	42000	0	211	t_map_image_text_10	10	1	1	50000	0	1	2	72	0	2	40040001	50	0	1	7	100000	0	20	1	1	75000	0	1	2	102	0	2	40040001	100	0	1	7	100000	0	30	1	1	75000	0	1	2	132	0	2	40040001	150	0	2	10010007	1	0
44	第44章 退艺演出	t_map_name_44	初音战士	t_map_boss_name_11	bsx_chuyin	43000	0	212	t_map_image_text_11	10	1	1	50000	0	1	2	73	0	2	40040001	50	0	1	7	100000	0	20	1	1	75000	0	1	2	103	0	2	40040001	100	0	1	7	100000	0	30	1	1	75000	0	1	2	133	0	2	40040001	150	0	2	10010007	1	0
45	第45章 穿越尝试	t_map_name_45	一卡螺丝	t_map_boss_name_17	bsx_ykls	44000	0	403	t_map_image_text_17	10	1	1	50000	0	1	2	74	0	2	40040001	50	0	1	7	100000	0	20	1	1	75000	0	1	2	104	0	2	40040001	100	0	1	7	100000	0	30	1	1	75000	0	1	2	134	0	2	40040001	150	0	2	10010007	1	0
46	第46章 定期考核	t_map_name_46	斗人	t_map_boss_name_2	bsx_dren	45000	0	202	t_map_image_text_2	10	1	1	50000	0	1	2	75	0	2	40040001	50	0	1	7	100000	0	20	1	1	75000	0	1	2	105	0	2	40040001	100	0	1	7	100000	0	30	1	1	75000	0	1	2	135	0	2	40040001	150	0	2	10010007	1	0
47	第47章 特殊禁运	t_map_name_47	炮姐	t_map_boss_name_3	bsx_ybmq	46000	0	203	t_map_image_text_3	10	1	1	50000	0	1	2	76	0	2	40040001	50	0	1	7	100000	0	20	1	1	75000	0	1	2	106	0	2	40040001	100	0	1	7	100000	0	30	1	1	75000	0	1	2	136	0	2	40040001	150	0	2	10010007	1	0
48	第48章  伪装者	t_map_name_48	黑色射手	t_map_boss_name_4	bsx_heiyan	47000	0	204	t_map_image_text_4	10	1	1	50000	0	1	2	77	0	2	40040001	50	0	1	7	100000	0	20	1	1	75000	0	1	2	107	0	2	40040001	100	0	1	7	100000	0	30	1	1	75000	0	1	2	137	0	2	40040001	150	0	2	10010007	1	0
49	第49章 非法实验	t_map_name_49	波波利	t_map_boss_name_5	bsx_lbli	48000	0	205	t_map_image_text_5	10	1	1	50000	0	1	2	78	0	2	40040001	50	0	1	7	100000	0	20	1	1	75000	0	1	2	108	0	2	40040001	100	0	1	7	100000	0	30	1	1	75000	0	1	2	138	0	2	40040001	150	0	2	10010007	1	0
50	第50章 战争遗产	t_map_name_50	zero	t_map_boss_name_6	bsx_zero	49000	0	206	t_map_image_text_6	10	1	1	50000	0	1	2	79	0	2	40040001	50	0	1	7	100000	0	20	1	1	75000	0	1	2	109	0	2	40040001	100	0	1	7	100000	0	30	1	1	75000	0	1	2	139	0	2	40040001	150	0	2	10010007	1	0
51	第51章 制度更新	t_map_name_51	骑士女皇	t_map_boss_name_21	zj_nv001	50000	0	400	t_map_image_text_21	10	1	1	50000	0	1	2	80	0	2	40040001	50	0	1	7	100000	0	20	1	1	75000	0	1	2	110	0	2	40040001	100	0	1	7	100000	0	30	1	1	75000	0	1	2	140	0	2	40040001	150	0	2	10010007	1	0
52	第52章 魔剑降临	t_map_name_52	魔法剑士	t_map_boss_name_16	bsx_dyhdw	51000	0	402	t_map_image_text_16	10	1	1	50000	0	1	2	81	0	2	40040001	50	0	1	7	100000	0	20	1	1	75000	0	1	2	111	0	2	40040001	100	0	1	7	100000	0	30	1	1	75000	0	1	2	141	0	2	40040001	150	0	2	10010007	1	0
53	第53章 夜宵禁令	t_map_name_53	妖妄之梦	t_map_boss_name_7	bsx_yme	52000	0	207	t_map_image_text_7	10	1	1	50000	0	1	2	82	0	2	40040001	50	0	1	7	100000	0	20	1	1	75000	0	1	2	112	0	2	40040001	100	0	1	7	100000	0	30	1	1	75000	0	1	2	142	0	2	40040001	150	0	2	10010007	1	0
54	第54章 减肥计划	t_map_name_54	幽灵公主	t_map_boss_name_8	bsx_yyz	53000	0	208	t_map_image_text_8	10	1	1	50000	0	1	2	83	0	2	40040001	50	0	1	7	100000	0	20	1	1	75000	0	1	2	113	0	2	40040001	100	0	1	7	100000	0	30	1	1	75000	0	1	2	143	0	2	40040001	150	0	2	10010007	1	0
55	第55章 保险之殇	t_map_name_55	红白	t_map_boss_name_9	bsx_bllm	54000	0	209	t_map_image_text_9	10	1	1	50000	0	1	2	84	0	2	40040001	50	0	1	7	100000	0	20	1	1	75000	0	1	2	114	0	2	40040001	100	0	1	7	100000	0	30	1	1	75000	0	1	2	144	0	2	40040001	150	0	2	10010007	1	0
56	第56章 约定失效	t_map_name_56	C.C	t_map_boss_name_10	bsx_cc	55000	0	211	t_map_image_text_10	10	1	1	50000	0	1	2	85	0	2	40040001	50	0	1	7	100000	0	20	1	1	75000	0	1	2	115	0	2	40040001	100	0	1	7	100000	0	30	1	1	75000	0	1	2	145	0	2	40040001	150	0	2	10010007	1	0
57	第57章 冒牌歌迷	t_map_name_57	初音战士	t_map_boss_name_11	bsx_chuyin	56000	0	212	t_map_image_text_11	10	1	1	50000	0	1	2	86	0	2	40040001	50	0	1	7	100000	0	20	1	1	75000	0	1	2	116	0	2	40040001	100	0	1	7	100000	0	30	1	1	75000	0	1	2	146	0	2	40040001	150	0	2	10010007	1	0
58	第58章 总部沦陷	t_map_name_58	一卡螺丝	t_map_boss_name_17	bsx_ykls	57000	0	403	t_map_image_text_17	10	1	1	50000	0	1	2	87	0	2	40040001	50	0	1	7	100000	0	20	1	1	75000	0	1	2	117	0	2	40040001	100	0	1	7	100000	0	30	1	1	75000	0	1	2	147	0	2	40040001	150	0	2	10010007	1	0
59	第59章 新的希望	t_map_name_59	明日少尉	t_map_boss_name_1	bsx_mrx	58000	0	201	t_map_image_text_1	10	1	1	50000	0	1	2	88	0	2	40040001	50	0	1	7	100000	0	20	1	1	75000	0	1	2	118	0	2	40040001	100	0	1	7	100000	0	30	1	1	75000	0	1	2	148	0	2	40040001	150	0	2	10010007	1	0
60	第60章 无能力者	t_map_name_60	炮姐	t_map_boss_name_3	bsx_ybmq	59000	0	203	t_map_image_text_3	10	1	1	50000	0	1	2	89	0	2	40040001	50	0	1	7	100000	0	20	1	1	75000	0	1	2	119	0	2	40040001	100	0	1	7	100000	0	30	1	1	75000	0	1	2	149	0	2	40040001	150	0	2	10010007	1	0
61	第61章 无药可救	t_map_name_61	黑色射手	t_map_boss_name_4	bsx_heiyan	60000	0	204	t_map_image_text_4	10	1	1	50000	0	1	2	90	0	2	40040001	50	0	1	7	100000	0	20	1	1	75000	0	1	2	120	0	2	40040001	100	0	1	7	100000	0	30	1	1	75000	0	1	2	150	0	2	40040001	150	0	2	10010007	1	0
62	第62章 傲娇无言	t_map_name_62	波波利	t_map_boss_name_5	bsx_lbli	61000	0	205	t_map_image_text_5	10	1	1	50000	0	1	2	91	0	2	40040001	50	0	1	7	100000	0	20	1	1	75000	0	1	2	121	0	2	40040001	100	0	1	7	100000	0	30	1	1	75000	0	1	2	151	0	2	40040001	150	0	2	10010007	1	0
63	第63章 失控的爱	t_map_name_63	zero	t_map_boss_name_6	bsx_zero	62000	0	206	t_map_image_text_6	10	1	1	50000	0	1	2	92	0	2	40040001	50	0	1	7	100000	0	20	1	1	75000	0	1	2	122	0	2	40040001	100	0	1	7	100000	0	30	1	1	75000	0	1	2	152	0	2	40040001	150	0	2	10010007	1	0
64	第64章 尝试逃离	t_map_name_64	灼眼公主	t_map_boss_name_15	bsx_xiana	63000	0	401	t_map_image_text_15	10	1	1	50000	0	1	2	93	0	2	40040001	50	0	1	7	100000	0	20	1	1	75000	0	1	2	123	0	2	40040001	100	0	1	7	100000	0	30	1	1	75000	0	1	2	153	0	2	40040001	150	0	2	10010007	1	0
65	第65章 无处躲藏	t_map_name_65	妖妄之梦	t_map_boss_name_7	bsx_yme	64000	0	207	t_map_image_text_7	10	1	1	50000	0	1	2	94	0	2	40040001	50	0	1	7	100000	0	20	1	1	75000	0	1	2	124	0	2	40040001	100	0	1	7	100000	0	30	1	1	75000	0	1	2	154	0	2	40040001	150	0	2	10010007	1	0
66	第66章 任性	t_map_name_66	幽灵公主	t_map_boss_name_8	bsx_yyz	65000	0	208	t_map_image_text_8	10	1	1	50000	0	1	2	95	0	2	40040001	50	0	1	7	100000	0	20	1	1	75000	0	1	2	125	0	2	40040001	100	0	1	7	100000	0	30	1	1	75000	0	1	2	155	0	2	40040001	150	0	2	10010007	1	0
67	第67章 尊严之战	t_map_name_67	红白	t_map_boss_name_9	bsx_bllm	66000	0	209	t_map_image_text_9	10	1	1	50000	0	1	2	96	0	2	40040001	50	0	1	7	100000	0	20	1	1	75000	0	1	2	126	0	2	40040001	100	0	1	7	100000	0	30	1	1	75000	0	1	2	156	0	2	40040001	150	0	2	10010007	1	0
68	第68章 知情人士	t_map_name_68	C.C	t_map_boss_name_10	bsx_cc	67000	0	211	t_map_image_text_10	10	1	1	50000	0	1	2	97	0	2	40040001	50	0	1	7	100000	0	20	1	1	75000	0	1	2	127	0	2	40040001	100	0	1	7	100000	0	30	1	1	75000	0	1	2	157	0	2	40040001	150	0	2	10010007	1	0
69	第69章 脑控传说	t_map_name_69	初音战士	t_map_boss_name_11	bsx_chuyin	68000	0	212	t_map_image_text_11	10	1	1	50000	0	1	2	98	0	2	40040001	50	0	1	7	100000	0	20	1	1	75000	0	1	2	128	0	2	40040001	100	0	1	7	100000	0	30	1	1	75000	0	1	2	158	0	2	40040001	150	0	2	10010007	1	0
70	第70章 过程放大	t_map_name_70	骑士女皇	t_map_boss_name_21	zj_nv001	69000	0	400	t_map_image_text_21	10	1	1	50000	0	1	2	99	0	2	40040001	50	0	1	7	100000	0	20	1	1	75000	0	1	2	129	0	2	40040001	100	0	1	7	100000	0	30	1	1	75000	0	1	2	159	0	2	40040001	150	0	2	10010007	1	0
71	第71章 故意放水	t_map_name_71	斗人	t_map_boss_name_2	bsx_dren	70000	0	202	t_map_image_text_2	10	1	1	50000	0	1	2	100	0	2	40040001	50	0	1	7	100000	0	20	1	1	75000	0	1	2	130	0	2	40040001	100	0	1	7	100000	0	30	1	1	75000	0	1	2	160	0	2	40040001	150	0	2	10010007	1	0
72	第72章 反叛者	t_map_name_72	炮姐	t_map_boss_name_3	bsx_ybmq	71000	0	203	t_map_image_text_3	10	1	1	50000	0	1	2	101	0	2	40040001	50	0	1	7	100000	0	20	1	1	75000	0	1	2	131	0	2	40040001	100	0	1	7	100000	0	30	1	1	75000	0	1	2	161	0	2	40040001	150	0	2	10010007	1	0
73	第73章 英雄反目	t_map_name_73	黑色射手	t_map_boss_name_4	bsx_heiyan	72000	0	204	t_map_image_text_4	10	1	1	50000	0	1	2	102	0	2	40040001	50	0	1	7	100000	0	20	1	1	75000	0	1	2	132	0	2	40040001	100	0	1	7	100000	0	30	1	1	75000	0	1	2	162	0	2	40040001	150	0	2	10010007	1	0
74	第74章 午时已到	t_map_name_74	波波利	t_map_boss_name_5	bsx_lbli	73000	0	205	t_map_image_text_5	10	1	1	50000	0	1	2	103	0	2	40040001	50	0	1	7	100000	0	20	1	1	75000	0	1	2	133	0	2	40040001	100	0	1	7	100000	0	30	1	1	75000	0	1	2	163	0	2	40040001	150	0	2	10010007	1	0
75	第75章 罪恶之花	t_map_name_75	zero	t_map_boss_name_6	bsx_zero	74000	0	206	t_map_image_text_6	10	1	1	50000	0	1	2	104	0	2	40040001	50	0	1	7	100000	0	20	1	1	75000	0	1	2	134	0	2	40040001	100	0	1	7	100000	0	30	1	1	75000	0	1	2	164	0	2	40040001	150	0	2	10010007	1	0
76	第76章 海市蜃楼	t_map_name_76	魔法剑士	t_map_boss_name_16	bsx_dyhdw	75000	0	402	t_map_image_text_16	10	1	1	50000	0	1	2	105	0	2	40040001	50	0	1	7	100000	0	20	1	1	75000	0	1	2	135	0	2	40040001	100	0	1	7	100000	0	30	1	1	75000	0	1	2	165	0	2	40040001	150	0	2	10010007	1	0
77	第77章 忠犬属性	t_map_name_77	妖妄之梦	t_map_boss_name_7	bsx_yme	76000	0	207	t_map_image_text_7	10	1	1	50000	0	1	2	106	0	2	40040001	50	0	1	7	100000	0	20	1	1	75000	0	1	2	136	0	2	40040001	100	0	1	7	100000	0	30	1	1	75000	0	1	2	166	0	2	40040001	150	0	2	10010007	1	0
78	第78章 爱意惩罚	t_map_name_78	幽灵公主	t_map_boss_name_8	bsx_yyz	77000	0	208	t_map_image_text_8	10	1	1	50000	0	1	2	107	0	2	40040001	50	0	1	7	100000	0	20	1	1	75000	0	1	2	137	0	2	40040001	100	0	1	7	100000	0	30	1	1	75000	0	1	2	167	0	2	40040001	150	0	2	10010007	1	0
79	第79章 秩序之光	t_map_name_79	红白	t_map_boss_name_9	bsx_bllm	78000	0	209	t_map_image_text_9	10	1	1	50000	0	1	2	108	0	2	40040001	50	0	1	7	100000	0	20	1	1	75000	0	1	2	138	0	2	40040001	100	0	1	7	100000	0	30	1	1	75000	0	1	2	168	0	2	40040001	150	0	2	10010007	1	0
80	第80章 爆发集结	t_map_name_80	C.C	t_map_boss_name_10	bsx_cc	79000	0	211	t_map_image_text_10	10	1	1	50000	0	1	2	109	0	2	40040001	50	0	1	7	100000	0	20	1	1	75000	0	1	2	139	0	2	40040001	100	0	1	7	100000	0	30	1	1	75000	0	1	2	169	0	2	40040001	150	0	2	10010007	1	0
81	第81章 偶像名义	t_map_name_81	初音战士	t_map_boss_name_11	bsx_chuyin	80000	0	212	t_map_image_text_11	10	1	1	50000	0	1	2	110	0	2	40040001	50	0	1	7	100000	0	20	1	1	75000	0	1	2	140	0	2	40040001	100	0	1	7	100000	0	30	1	1	75000	0	1	2	170	0	2	40040001	150	0	2	10010007	1	0
82	第82章 完美穿越	t_map_name_82	一卡螺丝	t_map_boss_name_17	bsx_ykls	81000	0	403	t_map_image_text_17	10	1	1	50000	0	1	2	111	0	2	40040001	50	0	1	7	100000	0	20	1	1	75000	0	1	2	141	0	2	40040001	100	0	1	7	100000	0	30	1	1	75000	0	1	2	171	0	2	40040001	150	0	2	10010007	1	0
83	第83章 新的危机	t_map_name_83	明日少尉	t_map_boss_name_1	bsx_mrx	82000	0	201	t_map_image_text_1	10	1	1	50000	0	1	2	112	0	2	40040001	50	0	1	7	100000	0	20	1	1	75000	0	1	2	142	0	2	40040001	100	0	1	7	100000	0	30	1	1	75000	0	1	2	172	0	2	40040001	150	0	2	10010007	1	0
84	第84章 底裤女神	t_map_name_84	炮姐	t_map_boss_name_3	bsx_ybmq	83000	0	203	t_map_image_text_3	10	1	1	50000	0	1	2	113	0	2	40040001	50	0	1	7	100000	0	20	1	1	75000	0	1	2	143	0	2	40040001	100	0	1	7	100000	0	30	1	1	75000	0	1	2	173	0	2	40040001	150	0	2	10010007	1	0
85	第85章 英雄沦陷	t_map_name_85	黑色射手	t_map_boss_name_4	bsx_heiyan	84000	0	204	t_map_image_text_4	10	1	1	50000	0	1	2	114	0	2	40040001	50	0	1	7	100000	0	20	1	1	75000	0	1	2	144	0	2	40040001	100	0	1	7	100000	0	30	1	1	75000	0	1	2	174	0	2	40040001	150	0	2	10010007	1	0
86	第86章 猎虫使者	t_map_name_86	波波利	t_map_boss_name_5	bsx_lbli	85000	0	205	t_map_image_text_5	10	1	1	50000	0	1	2	115	0	2	40040001	50	0	1	7	100000	0	20	1	1	75000	0	1	2	145	0	2	40040001	100	0	1	7	100000	0	30	1	1	75000	0	1	2	175	0	2	40040001	150	0	2	10010007	1	0
87	第87章 自体免疫	t_map_name_87	zero	t_map_boss_name_6	bsx_zero	86000	0	206	t_map_image_text_6	10	1	1	50000	0	1	2	116	0	2	40040001	50	0	1	7	100000	0	20	1	1	75000	0	1	2	146	0	2	40040001	100	0	1	7	100000	0	30	1	1	75000	0	1	2	176	0	2	40040001	150	0	2	10010007	1	0
88	第88章 医者	t_map_name_88	阿丝奈	t_map_boss_name_22	bsx_jcmrn	87000	0	500	t_map_image_text_22	10	1	1	50000	0	1	2	117	0	2	40040001	50	0	1	7	100000	0	20	1	1	75000	0	1	2	147	0	2	40040001	100	0	1	7	100000	0	30	1	1	75000	0	1	2	177	0	2	40040001	150	0	2	10010007	1	0
89	第89章 梦境沦陷	t_map_name_89	妖妄之梦	t_map_boss_name_7	bsx_yme	88000	0	207	t_map_image_text_7	10	1	1	50000	0	1	2	118	0	2	40040001	50	0	1	7	100000	0	20	1	1	75000	0	1	2	148	0	2	40040001	100	0	1	7	100000	0	30	1	1	75000	0	1	2	178	0	2	40040001	150	0	2	10010007	1	0
90	第90章 阴阳两隔	t_map_name_90	幽灵公主	t_map_boss_name_8	bsx_yyz	89000	0	208	t_map_image_text_8	10	1	1	50000	0	1	2	119	0	2	40040001	50	0	1	7	100000	0	20	1	1	75000	0	1	2	149	0	2	40040001	100	0	1	7	100000	0	30	1	1	75000	0	1	2	179	0	2	40040001	150	0	2	10010007	1	0
91	第91章 净化之地	t_map_name_91	红白	t_map_boss_name_9	bsx_bllm	90000	0	209	t_map_image_text_9	10	1	1	50000	0	1	2	120	0	2	40040001	50	0	1	7	100000	0	20	1	1	75000	0	1	2	150	0	2	40040001	100	0	1	7	100000	0	30	1	1	75000	0	1	2	180	0	2	40040001	150	0	2	10010007	1	0
92	第92章 灾难之财	t_map_name_92	C.C	t_map_boss_name_10	bsx_cc	91000	0	211	t_map_image_text_10	10	1	1	50000	0	1	2	121	0	2	40040001	50	0	1	7	100000	0	20	1	1	75000	0	1	2	151	0	2	40040001	100	0	1	7	100000	0	30	1	1	75000	0	1	2	181	0	2	40040001	150	0	2	10010007	1	0
93	第93章 声音防域	t_map_name_93	初音战士	t_map_boss_name_11	bsx_chuyin	92000	0	212	t_map_image_text_11	10	1	1	50000	0	1	2	122	0	2	40040001	50	0	1	7	100000	0	20	1	1	75000	0	1	2	152	0	2	40040001	100	0	1	7	100000	0	30	1	1	75000	0	1	2	182	0	2	40040001	150	0	2	10010007	1	0
94	第94章 时间使者	t_map_name_94	狂姗	t_map_boss_name_23	bsx_sqks	93000	0	501	t_map_image_text_23	10	1	1	50000	0	1	2	123	0	2	40040001	50	0	1	7	100000	0	20	1	1	75000	0	1	2	153	0	2	40040001	100	0	1	7	100000	0	30	1	1	75000	0	1	2	183	0	2	40040001	150	0	2	10010007	1	0
95	第95章 醋意	t_map_name_95	斗人	t_map_boss_name_2	bsx_dren	94000	0	202	t_map_image_text_2	10	1	1	50000	0	1	2	124	0	2	40040001	50	0	1	7	100000	0	20	1	1	75000	0	1	2	154	0	2	40040001	100	0	1	7	100000	0	30	1	1	75000	0	1	2	184	0	2	40040001	150	0	2	10010007	1	0
96	第96章 预防方针	t_map_name_96	炮姐	t_map_boss_name_3	bsx_ybmq	95000	0	203	t_map_image_text_3	10	1	1	50000	0	1	2	125	0	2	40040001	50	0	1	7	100000	0	20	1	1	75000	0	1	2	155	0	2	40040001	100	0	1	7	100000	0	30	1	1	75000	0	1	2	185	0	2	40040001	150	0	2	10010007	1	0
97	第97章 安全至上	t_map_name_97	黑色射手	t_map_boss_name_4	bsx_heiyan	96000	0	204	t_map_image_text_4	10	1	1	50000	0	1	2	126	0	2	40040001	50	0	1	7	100000	0	20	1	1	75000	0	1	2	156	0	2	40040001	100	0	1	7	100000	0	30	1	1	75000	0	1	2	186	0	2	40040001	150	0	2	10010007	1	0
98	第98章 权力渗透	t_map_name_98	波波利	t_map_boss_name_5	bsx_lbli	97000	0	205	t_map_image_text_5	10	1	1	50000	0	1	2	127	0	2	40040001	50	0	1	7	100000	0	20	1	1	75000	0	1	2	157	0	2	40040001	100	0	1	7	100000	0	30	1	1	75000	0	1	2	187	0	2	40040001	150	0	2	10010007	1	0
99	第99章 早有阴谋	t_map_name_99	zero	t_map_boss_name_6	bsx_zero	98000	0	206	t_map_image_text_6	10	1	1	50000	0	1	2	128	0	2	40040001	50	0	1	7	100000	0	20	1	1	75000	0	1	2	158	0	2	40040001	100	0	1	7	100000	0	30	1	1	75000	0	1	2	188	0	2	40040001	150	0	2	10010007	1	0
100	第100章 新的火焰	t_map_name_100	火女	t_map_boss_name_18	bsx_bzhw	99000	0	404	t_map_image_text_18	10	1	1	50000	0	1	2	129	0	2	40040001	50	0	1	7	100000	0	20	1	1	75000	0	1	2	159	0	2	40040001	100	0	1	7	100000	0	30	1	1	75000	0	1	2	189	0	2	40040001	150	0	2	10010007	1	0
101	第101章 强行搜查	t_map_name_101	妖妄之梦	t_map_boss_name_7	bsx_yme	100000	0	207	t_map_image_text_7	10	1	1	50000	0	1	2	130	0	2	40040001	50	0	1	7	100000	0	20	1	1	75000	0	1	2	160	0	2	40040001	100	0	1	7	100000	0	30	1	1	75000	0	1	2	190	0	2	40040001	150	0	2	10010007	1	0
102	第102章 吃货无敌	t_map_name_102	幽灵公主	t_map_boss_name_8	bsx_yyz	101000	0	208	t_map_image_text_8	10	1	1	50000	0	1	2	131	0	2	40040001	50	0	1	7	100000	0	20	1	1	75000	0	1	2	161	0	2	40040001	100	0	1	7	100000	0	30	1	1	75000	0	1	2	191	0	2	40040001	150	0	2	10010007	1	0
103	第103章 吝啬鬼	t_map_name_103	红白	t_map_boss_name_9	bsx_bllm	102000	0	209	t_map_image_text_9	10	1	1	50000	0	1	2	132	0	2	40040001	50	0	1	7	100000	0	20	1	1	75000	0	1	2	162	0	2	40040001	100	0	1	7	100000	0	30	1	1	75000	0	1	2	192	0	2	40040001	150	0	2	10010007	1	0
104	第104章 非法探寻	t_map_name_104	C.C	t_map_boss_name_10	bsx_cc	103000	0	211	t_map_image_text_10	10	1	1	50000	0	1	2	133	0	2	40040001	50	0	1	7	100000	0	20	1	1	75000	0	1	2	163	0	2	40040001	100	0	1	7	100000	0	30	1	1	75000	0	1	2	193	0	2	40040001	150	0	2	10010007	1	0
105	第105章 万恶之源	t_map_name_105	初音战士	t_map_boss_name_11	bsx_chuyin	104000	0	212	t_map_image_text_11	10	1	1	50000	0	1	2	134	0	2	40040001	50	0	1	7	100000	0	20	1	1	75000	0	1	2	164	0	2	40040001	100	0	1	7	100000	0	30	1	1	75000	0	1	2	194	0	2	40040001	150	0	2	10010007	1	0
106	第106章 猎人训练	t_map_name_106	魔法剑士	t_map_boss_name_16	bsx_dyhdw	105000	0	402	t_map_image_text_16	10	1	1	50000	0	1	2	135	0	2	40040001	50	0	1	7	100000	0	20	1	1	75000	0	1	2	165	0	2	40040001	100	0	1	7	100000	0	30	1	1	75000	0	1	2	195	0	2	40040001	150	0	2	10010007	1	0
107	第107章 临行准备	t_map_name_107	明日少尉	t_map_boss_name_1	bsx_mrx	106000	0	201	t_map_image_text_1	10	1	1	50000	0	1	2	136	0	2	40040001	50	0	1	7	100000	0	20	1	1	75000	0	1	2	166	0	2	40040001	100	0	1	7	100000	0	30	1	1	75000	0	1	2	196	0	2	40040001	150	0	2	10010007	1	0
108	第108章 医者善武	t_map_name_108	阿丝奈	t_map_boss_name_22	bsx_jcmrn	107000	0	500	t_map_image_text_22	10	1	1	50000	0	1	2	137	0	2	40040001	50	0	1	7	100000	0	20	1	1	75000	0	1	2	167	0	2	40040001	100	0	1	7	100000	0	30	1	1	75000	0	1	2	197	0	2	40040001	150	0	2	10010007	1	0
109	第109章 未来的帐	t_map_name_109	狂姗	t_map_boss_name_23	bsx_sqks	108000	0	501	t_map_image_text_23	10	1	1	50000	0	1	2	138	0	2	40040001	50	0	1	7	100000	0	20	1	1	75000	0	1	2	168	0	2	40040001	100	0	1	7	100000	0	30	1	1	75000	0	1	2	198	0	2	40040001	150	0	2	10010007	1	0
110	第110章 复仇	t_map_name_110	炮姐	t_map_boss_name_3	bsx_ybmq	109000	0	203	t_map_image_text_3	10	1	1	50000	0	1	2	139	0	2	40040001	50	0	1	7	100000	0	20	1	1	75000	0	1	2	169	0	2	40040001	100	0	1	7	100000	0	30	1	1	75000	0	1	2	199	0	2	40040001	150	0	2	10010007	1	0
111	第111章 清缴	t_map_name_111	黑色射手	t_map_boss_name_4	bsx_heiyan	110000	0	204	t_map_image_text_4	10	1	1	50000	0	1	2	140	0	2	40040001	50	0	1	7	100000	0	20	1	1	75000	0	1	2	170	0	2	40040001	100	0	1	7	100000	0	30	1	1	75000	0	1	2	200	0	2	40040001	150	0	2	10010007	1	0
112	第112章 狂妄	t_map_name_112	波波利	t_map_boss_name_5	bsx_lbli	111000	0	205	t_map_image_text_5	10	1	1	50000	0	1	2	141	0	2	40040001	50	0	1	7	100000	0	20	1	1	75000	0	1	2	171	0	2	40040001	100	0	1	7	100000	0	30	1	1	75000	0	1	2	201	0	2	40040001	150	0	2	10010007	1	0
113	第113章 大话	t_map_name_113	zero	t_map_boss_name_6	bsx_zero	112000	0	206	t_map_image_text_6	10	1	1	50000	0	1	2	142	0	2	40040001	50	0	1	7	100000	0	20	1	1	75000	0	1	2	172	0	2	40040001	100	0	1	7	100000	0	30	1	1	75000	0	1	2	202	0	2	40040001	150	0	2	10010007	1	0
114	第114章 冒失	t_map_name_114	妖妄之梦	t_map_boss_name_7	bsx_yme	113000	0	207	t_map_image_text_7	10	1	1	50000	0	1	2	143	0	2	40040001	50	0	1	7	100000	0	20	1	1	75000	0	1	2	173	0	2	40040001	100	0	1	7	100000	0	30	1	1	75000	0	1	2	203	0	2	40040001	150	0	2	10010007	1	0
115	第115章 佯装	t_map_name_115	幽灵公主	t_map_boss_name_8	bsx_yyz	114000	0	208	t_map_image_text_8	10	1	1	50000	0	1	2	144	0	2	40040001	50	0	1	7	100000	0	20	1	1	75000	0	1	2	174	0	2	40040001	100	0	1	7	100000	0	30	1	1	75000	0	1	2	204	0	2	40040001	150	0	2	10010007	1	0
116	第116章 完美复制	t_map_name_116	红白	t_map_boss_name_9	bsx_bllm	115000	0	209	t_map_image_text_9	10	1	1	50000	0	1	2	145	0	2	40040001	50	0	1	7	100000	0	20	1	1	75000	0	1	2	175	0	2	40040001	100	0	1	7	100000	0	30	1	1	75000	0	1	2	205	0	2	40040001	150	0	2	10010007	1	0
117	第117章 赝品	t_map_name_117	C.C	t_map_boss_name_10	bsx_cc	116000	0	211	t_map_image_text_10	10	1	1	50000	0	1	2	146	0	2	40040001	50	0	1	7	100000	0	20	1	1	75000	0	1	2	176	0	2	40040001	100	0	1	7	100000	0	30	1	1	75000	0	1	2	206	0	2	40040001	150	0	2	10010007	1	0
118	第118章 终曲	t_map_name_118	初音战士	t_map_boss_name_11	bsx_chuyin	117000	0	212	t_map_image_text_11	10	1	1	50000	0	1	2	147	0	2	40040001	50	0	1	7	100000	0	20	1	1	75000	0	1	2	177	0	2	40040001	100	0	1	7	100000	0	30	1	1	75000	0	1	2	207	0	2	40040001	150	0	2	10010007	1	0
119	第119章 猎人考核	t_map_name_119	魔法剑士	t_map_boss_name_16	bsx_dyhdw	118000	0	402	t_map_image_text_16	10	1	1	50000	0	1	2	148	0	2	40040001	50	0	1	7	100000	0	20	1	1	75000	0	1	2	178	0	2	40040001	100	0	1	7	100000	0	30	1	1	75000	0	1	2	208	0	2	40040001	150	0	2	10010007	1	0
120	第120章 全新借口	t_map_name_120	明日少尉	t_map_boss_name_1	bsx_mrx	119000	0	201	t_map_image_text_1	10	1	1	50000	0	1	2	149	0	2	40040001	50	0	1	7	100000	0	20	1	1	75000	0	1	2	179	0	2	40040001	100	0	1	7	100000	0	30	1	1	75000	0	1	2	209	0	2	40040001	150	0	2	10010007	1	0
121	第121章 粗心	t_map_name_121	炮姐	t_map_boss_name_3	bsx_ybmq	120000	0	203	t_map_image_text_3	10	1	1	50000	0	1	2	150	0	2	40040001	50	0	1	7	100000	0	20	1	1	75000	0	1	2	180	0	2	40040001	100	0	1	7	100000	0	30	1	1	75000	0	1	2	210	0	2	40040001	150	0	2	10010007	1	0
122	第122章 错时	t_map_name_122	黑色射手	t_map_boss_name_4	bsx_heiyan	121000	0	204	t_map_image_text_4	10	1	1	50000	0	1	2	151	0	2	40040001	50	0	1	7	100000	0	20	1	1	75000	0	1	2	181	0	2	40040001	100	0	1	7	100000	0	30	1	1	75000	0	1	2	211	0	2	40040001	150	0	2	10010007	1	0
123	第123章 探索	t_map_name_123	波波利	t_map_boss_name_5	bsx_lbli	122000	0	205	t_map_image_text_5	10	1	1	50000	0	1	2	152	0	2	40040001	50	0	1	7	100000	0	20	1	1	75000	0	1	2	182	0	2	40040001	100	0	1	7	100000	0	30	1	1	75000	0	1	2	212	0	2	40040001	150	0	2	10010007	1	0
124	第124章 恶言	t_map_name_124	zero	t_map_boss_name_6	bsx_zero	123000	0	206	t_map_image_text_6	10	1	1	50000	0	1	2	153	0	2	40040001	50	0	1	7	100000	0	20	1	1	75000	0	1	2	183	0	2	40040001	100	0	1	7	100000	0	30	1	1	75000	0	1	2	213	0	2	40040001	150	0	2	10010007	1	0
125	第125章 切磋	t_map_name_125	阿丝奈	t_map_boss_name_22	bsx_jcmrn	124000	0	500	t_map_image_text_22	10	1	1	50000	0	1	2	154	0	2	40040001	50	0	1	7	100000	0	20	1	1	75000	0	1	2	184	0	2	40040001	100	0	1	7	100000	0	30	1	1	75000	0	1	2	214	0	2	40040001	150	0	2	10010007	1	0
126	第126章 私闯	t_map_name_126	妖妄之梦	t_map_boss_name_7	bsx_yme	125000	0	207	t_map_image_text_7	10	1	1	50000	0	1	2	155	0	2	40040001	50	0	1	7	100000	0	20	1	1	75000	0	1	2	185	0	2	40040001	100	0	1	7	100000	0	30	1	1	75000	0	1	2	215	0	2	40040001	150	0	2	10010007	1	0
127	第127章 泄密	t_map_name_127	幽灵公主	t_map_boss_name_8	bsx_yyz	126000	0	208	t_map_image_text_8	10	1	1	50000	0	1	2	156	0	2	40040001	50	0	1	7	100000	0	20	1	1	75000	0	1	2	186	0	2	40040001	100	0	1	7	100000	0	30	1	1	75000	0	1	2	216	0	2	40040001	150	0	2	10010007	1	0
128	第128章 空手	t_map_name_128	红白	t_map_boss_name_9	bsx_bllm	127000	0	209	t_map_image_text_9	10	1	1	50000	0	1	2	157	0	2	40040001	50	0	1	7	100000	0	20	1	1	75000	0	1	2	187	0	2	40040001	100	0	1	7	100000	0	30	1	1	75000	0	1	2	217	0	2	40040001	150	0	2	10010007	1	0
129	第129章 远征	t_map_name_129	C.C	t_map_boss_name_10	bsx_cc	128000	0	211	t_map_image_text_10	10	1	1	50000	0	1	2	158	0	2	40040001	50	0	1	7	100000	0	20	1	1	75000	0	1	2	188	0	2	40040001	100	0	1	7	100000	0	30	1	1	75000	0	1	2	218	0	2	40040001	150	0	2	10010007	1	0
130	第130章 误会	t_map_name_130	初音战士	t_map_boss_name_11	bsx_chuyin	129000	0	212	t_map_image_text_11	10	1	1	50000	0	1	2	159	0	2	40040001	50	0	1	7	100000	0	20	1	1	75000	0	1	2	189	0	2	40040001	100	0	1	7	100000	0	30	1	1	75000	0	1	2	219	0	2	40040001	150	0	2	10010007	1	0
131	第131章 求知	t_map_name_131	狂姗	t_map_boss_name_23	bsx_sqks	130000	0	501	t_map_image_text_23	10	1	1	50000	0	1	2	160	0	2	40040001	50	0	1	7	100000	0	20	1	1	75000	0	1	2	190	0	2	40040001	100	0	1	7	100000	0	30	1	1	75000	0	1	2	220	0	2	40040001	150	0	2	10010007	1	0
132	第132章 重训	t_map_name_132	斗人	t_map_boss_name_2	bsx_dren	131000	0	202	t_map_image_text_2	10	1	1	50000	0	1	2	161	0	2	40040001	50	0	1	7	100000	0	20	1	1	75000	0	1	2	191	0	2	40040001	100	0	1	7	100000	0	30	1	1	75000	0	1	2	221	0	2	40040001	150	0	2	10010007	1	0
133	第133章 隐瞒	t_map_name_133	炮姐	t_map_boss_name_3	bsx_ybmq	132000	0	203	t_map_image_text_3	10	1	1	50000	0	1	2	162	0	2	40040001	50	0	1	7	100000	0	20	1	1	75000	0	1	2	192	0	2	40040001	100	0	1	7	100000	0	30	1	1	75000	0	1	2	222	0	2	40040001	150	0	2	10010007	1	0
134	第134章 佯攻	t_map_name_134	黑色射手	t_map_boss_name_4	bsx_heiyan	133000	0	204	t_map_image_text_4	10	1	1	50000	0	1	2	163	0	2	40040001	50	0	1	7	100000	0	20	1	1	75000	0	1	2	193	0	2	40040001	100	0	1	7	100000	0	30	1	1	75000	0	1	2	223	0	2	40040001	150	0	2	10010007	1	0
135	第135章 假装	t_map_name_135	波波利	t_map_boss_name_5	bsx_lbli	134000	0	205	t_map_image_text_5	10	1	1	50000	0	1	2	164	0	2	40040001	50	0	1	7	100000	0	20	1	1	75000	0	1	2	194	0	2	40040001	100	0	1	7	100000	0	30	1	1	75000	0	1	2	224	0	2	40040001	150	0	2	10010007	1	0
136	第136章 迷雾	t_map_name_136	zero	t_map_boss_name_6	bsx_zero	135000	0	206	t_map_image_text_6	10	1	1	50000	0	1	2	165	0	2	40040001	50	0	1	7	100000	0	20	1	1	75000	0	1	2	195	0	2	40040001	100	0	1	7	100000	0	30	1	1	75000	0	1	2	225	0	2	40040001	150	0	2	10010007	1	0
137	第137章 核实	t_map_name_137	火女	t_map_boss_name_18	bsx_bzhw	136000	0	404	t_map_image_text_18	10	1	1	50000	0	1	2	166	0	2	40040001	50	0	1	7	100000	0	20	1	1	75000	0	1	2	196	0	2	40040001	100	0	1	7	100000	0	30	1	1	75000	0	1	2	226	0	2	40040001	150	0	2	10010007	1	0
138	第138章 演员	t_map_name_138	妖妄之梦	t_map_boss_name_7	bsx_yme	137000	0	207	t_map_image_text_7	10	1	1	50000	0	1	2	167	0	2	40040001	50	0	1	7	100000	0	20	1	1	75000	0	1	2	197	0	2	40040001	100	0	1	7	100000	0	30	1	1	75000	0	1	2	227	0	2	40040001	150	0	2	10010007	1	0
139	第139章 迷踪	t_map_name_139	幽灵公主	t_map_boss_name_8	bsx_yyz	138000	0	208	t_map_image_text_8	10	1	1	50000	0	1	2	168	0	2	40040001	50	0	1	7	100000	0	20	1	1	75000	0	1	2	198	0	2	40040001	100	0	1	7	100000	0	30	1	1	75000	0	1	2	228	0	2	40040001	150	0	2	10010007	1	0
140	第140章 找寻	t_map_name_140	红白	t_map_boss_name_9	bsx_bllm	139000	0	209	t_map_image_text_9	10	1	1	50000	0	1	2	169	0	2	40040001	50	0	1	7	100000	0	20	1	1	75000	0	1	2	199	0	2	40040001	100	0	1	7	100000	0	30	1	1	75000	0	1	2	229	0	2	40040001	150	0	2	10010007	1	0
141	第141章 承受力	t_map_name_141	C.C	t_map_boss_name_10	bsx_cc	140000	0	211	t_map_image_text_10	10	1	1	50000	0	1	2	170	0	2	40040001	50	0	1	7	100000	0	20	1	1	75000	0	1	2	200	0	2	40040001	100	0	1	7	100000	0	30	1	1	75000	0	1	2	230	0	2	40040001	150	0	2	10010007	1	0
142	第142章 小吉他	t_map_name_142	初音战士	t_map_boss_name_11	bsx_chuyin	141000	0	212	t_map_image_text_11	10	1	1	50000	0	1	2	171	0	2	40040001	50	0	1	7	100000	0	20	1	1	75000	0	1	2	201	0	2	40040001	100	0	1	7	100000	0	30	1	1	75000	0	1	2	231	0	2	40040001	150	0	2	10010007	1	0
143	第143章 醋意	t_map_name_143	狂姗	t_map_boss_name_23	bsx_sqks	142000	0	501	t_map_image_text_23	10	1	1	50000	0	1	2	172	0	2	40040001	50	0	1	7	100000	0	20	1	1	75000	0	1	2	202	0	2	40040001	100	0	1	7	100000	0	30	1	1	75000	0	1	2	232	0	2	40040001	150	0	2	10010007	1	0
144	第144章 证明	t_map_name_144	斗人	t_map_boss_name_2	bsx_dren	143000	0	202	t_map_image_text_2	10	1	1	50000	0	1	2	173	0	2	40040001	50	0	1	7	100000	0	20	1	1	75000	0	1	2	203	0	2	40040001	100	0	1	7	100000	0	30	1	1	75000	0	1	2	233	0	2	40040001	150	0	2	10010007	1	0
145	第145章 翻版	t_map_name_145	炮姐	t_map_boss_name_3	bsx_ybmq	144000	0	203	t_map_image_text_3	10	1	1	50000	0	1	2	174	0	2	40040001	50	0	1	7	100000	0	20	1	1	75000	0	1	2	204	0	2	40040001	100	0	1	7	100000	0	30	1	1	75000	0	1	2	234	0	2	40040001	150	0	2	10010007	1	0
10001	第1章 精英初次试炼	t_map_name_10001	斗人	t_map_boss_name_2	bsx_dren	1000	0	202	t_map_image_text_2	3	1	1	10000	0	1	2	30	0	1	5	20	0	2	50140001	60	0	6	1	1	15000	0	1	2	60	0	1	5	30	0	2	50140001	120	0	9	1	1	15000	0	1	2	90	0	1	5	40	0	2	50140001	180	0
10002	第2章 精英电流波动	t_map_name_10002	炮姐	t_map_boss_name_3	bsx_ybmq	2000	1000	203	t_map_image_text_3	3	1	1	10000	0	1	2	30	0	1	5	20	0	2	50140001	60	0	6	1	1	15000	0	1	2	60	0	1	5	30	0	2	50140001	120	0	9	1	1	15000	0	1	2	90	0	1	5	40	0	2	50140001	180	0
10003	第3章 精英机械之乱	t_map_name_10003	黑色射手	t_map_boss_name_4	bsx_heiyan	3000	2000	204	t_map_image_text_4	4	1	1	10000	0	1	2	30	0	1	5	20	0	2	50140001	60	0	8	1	1	15000	0	1	2	60	0	1	5	30	0	2	50140001	120	0	12	1	1	15000	0	1	2	90	0	1	5	40	0	2	50140001	180	0
10004	第4章 精英肮脏交易	t_map_name_10004	波波利	t_map_boss_name_5	bsx_lbli	4000	3000	205	t_map_image_text_5	4	1	1	10000	0	1	2	30	0	1	5	20	0	2	50140001	60	0	8	1	1	15000	0	1	2	60	0	1	5	30	0	2	50140001	120	0	12	1	1	15000	0	1	2	90	0	1	5	40	0	2	50140001	180	0
10005	第5章 精英民主自由	t_map_name_10005	ZERO	t_map_boss_name_6	bsx_zero	5000	4000	206	t_map_image_text_6	4	1	1	10000	0	1	2	30	0	1	5	20	0	2	50140001	60	0	8	1	1	15000	0	1	2	60	0	1	5	30	0	2	50140001	120	0	12	1	1	15000	0	1	2	90	0	1	5	40	0	2	50140001	180	0
10006	第6章 精英梦境封锁	t_map_name_10006	妖妄之梦	t_map_boss_name_7	bsx_yme	6000	5000	207	t_map_image_text_7	4	1	1	10000	0	1	2	30	0	1	5	20	0	2	50140001	60	0	8	1	1	15000	0	1	2	60	0	1	5	30	0	2	50140001	120	0	12	1	1	15000	0	1	2	90	0	1	5	40	0	2	50140001	180	0
10007	第7章 精英冥界之门	t_map_name_10007	幽灵公主	t_map_boss_name_8	bsx_yyz	7000	6000	208	t_map_image_text_8	4	1	1	10000	0	1	2	30	0	1	5	20	0	2	50140001	60	0	8	1	1	15000	0	1	2	60	0	1	5	30	0	2	50140001	120	0	12	1	1	15000	0	1	2	90	0	1	5	40	0	2	50140001	180	0
10008	第8章 精英无名神社	t_map_name_10008	红白	t_map_boss_name_9	bsx_bllm	8000	7000	209	t_map_image_text_9	4	1	1	10000	0	1	2	30	0	1	5	20	0	2	50140001	60	0	8	1	1	15000	0	1	2	60	0	1	5	30	0	2	50140001	120	0	12	1	1	15000	0	1	2	90	0	1	5	40	0	2	50140001	180	0
10009	第9章 精英冰之结界	t_map_name_10009	C.C	t_map_boss_name_10	bsx_cc	9000	8000	211	t_map_image_text_10	4	1	1	10000	0	1	2	30	0	1	5	20	0	2	50140001	60	0	8	1	1	15000	0	1	2	60	0	1	5	30	0	2	50140001	120	0	12	1	1	15000	0	1	2	90	0	1	5	40	0	2	50140001	180	0
10010	第10章 精英神秘歌声	t_map_name_10010	初音战士	t_map_boss_name_11	bsx_chuyin	10000	9000	212	t_map_image_text_11	4	1	1	10000	0	1	2	30	0	1	5	20	0	2	50140001	60	0	8	1	1	15000	0	1	2	60	0	1	5	30	0	2	50140001	120	0	12	1	1	15000	0	1	2	90	0	1	5	40	0	2	50140001	180	0
10011	第11章 精英平行世界	t_map_name_10011	明日少尉	t_map_boss_name_1	bsx_mrx	11000	10000	201	t_map_image_text_1	4	1	1	20000	0	1	2	30	0	1	5	20	0	2	50140001	60	0	8	1	1	30000	0	1	2	60	0	1	5	30	0	2	50140001	120	0	12	1	1	30000	0	1	2	90	0	1	5	40	0	2	50140001	180	0
10012	第12章 精英似曾相识	t_map_name_10012	炮姐	t_map_boss_name_3	bsx_ybmq	12000	11000	203	t_map_image_text_3	4	1	1	20000	0	1	2	30	0	1	5	20	0	2	50140001	60	0	8	1	1	30000	0	1	2	60	0	1	5	30	0	2	50140001	120	0	12	1	1	30000	0	1	2	90	0	1	5	40	0	2	50140001	180	0
10013	第13章 精英全面失控	t_map_name_10013	黑色射手	t_map_boss_name_4	bsx_heiyan	13000	12000	204	t_map_image_text_4	4	1	1	20000	0	1	2	30	0	1	5	20	0	2	50140001	60	0	8	1	1	30000	0	1	2	60	0	1	5	30	0	2	50140001	120	0	12	1	1	30000	0	1	2	90	0	1	5	40	0	2	50140001	180	0
10014	第14章 精英星际海关	t_map_name_10014	波波利	t_map_boss_name_5	bsx_lbli	14000	13000	205	t_map_image_text_5	4	1	1	20000	0	1	2	30	0	1	5	20	0	2	50140001	60	0	8	1	1	30000	0	1	2	60	0	1	5	30	0	2	50140001	120	0	12	1	1	30000	0	1	2	90	0	1	5	40	0	2	50140001	180	0
10015	第15章 精英埃及后裔	t_map_name_10015	zero	t_map_boss_name_6	bsx_zero	15000	14000	206	t_map_image_text_6	4	1	1	20000	0	1	2	30	0	1	5	20	0	2	50140001	60	0	8	1	1	30000	0	1	2	60	0	1	5	30	0	2	50140001	120	0	12	1	1	30000	0	1	2	90	0	1	5	40	0	2	50140001	180	0
10016	第16章 精英时空边缘	t_map_name_10016	灼眼公主	t_map_boss_name_15	bsx_xiana	16000	15000	401	t_map_image_text_15	4	1	1	20000	0	1	2	30	0	1	5	20	0	2	50140001	60	0	8	1	1	30000	0	1	2	60	0	1	5	30	0	2	50140001	120	0	12	1	1	30000	0	1	2	90	0	1	5	40	0	2	50140001	180	0
10017	第17章 精英梦中之梦	t_map_name_10017	妖妄之梦	t_map_boss_name_7	bsx_yme	17000	16000	207	t_map_image_text_7	4	1	1	20000	0	1	2	30	0	1	5	20	0	2	50140001	60	0	8	1	1	30000	0	1	2	60	0	1	5	30	0	2	50140001	120	0	12	1	1	30000	0	1	2	90	0	1	5	40	0	2	50140001	180	0
10018	第18章 精英坐吃山空	t_map_name_10018	幽灵公主	t_map_boss_name_8	bsx_yyz	18000	17000	208	t_map_image_text_8	4	1	1	20000	0	1	2	30	0	1	5	20	0	2	50140001	60	0	8	1	1	30000	0	1	2	60	0	1	5	30	0	2	50140001	120	0	12	1	1	30000	0	1	2	90	0	1	5	40	0	2	50140001	180	0
10019	第19章 精英夜宵异变	t_map_name_10019	红白	t_map_boss_name_9	bsx_bllm	19000	18000	209	t_map_image_text_9	4	1	1	20000	0	1	2	30	0	1	5	20	0	2	50140001	60	0	8	1	1	30000	0	1	2	60	0	1	5	30	0	2	50140001	120	0	12	1	1	30000	0	1	2	90	0	1	5	40	0	2	50140001	180	0
10020	第20章 精英活之地狱	t_map_name_10020	C.C	t_map_boss_name_10	bsx_cc	20000	19000	211	t_map_image_text_10	4	1	1	20000	0	1	2	30	0	1	5	20	0	2	50140001	60	0	8	1	1	30000	0	1	2	60	0	1	5	30	0	2	50140001	120	0	12	1	1	30000	0	1	2	90	0	1	5	40	0	2	50140001	180	0
10021	第21章 精英星际歌神	t_map_name_10021	初音战士	t_map_boss_name_11	bsx_chuyin	21000	20000	212	t_map_image_text_11	4	1	1	30000	0	1	2	30	0	1	5	20	0	2	50140001	60	0	8	1	1	45000	0	1	2	60	0	1	5	30	0	2	50140001	120	0	12	1	1	45000	0	1	2	90	0	1	5	40	0	2	50140001	180	0
10022	第22章 精英回到过去	t_map_name_10022	斗人	t_map_boss_name_2	bsx_dren	22000	21000	202	t_map_image_text_2	4	1	1	30000	0	1	2	30	0	1	5	20	0	2	50140001	60	0	8	1	1	45000	0	1	2	60	0	1	5	30	0	2	50140001	120	0	12	1	1	45000	0	1	2	90	0	1	5	40	0	2	50140001	180	0
10023	第23章 精英音速硬币	t_map_name_10023	炮姐	t_map_boss_name_3	bsx_ybmq	23000	22000	203	t_map_image_text_3	4	1	1	30000	0	1	2	30	0	1	5	20	0	2	50140001	60	0	8	1	1	45000	0	1	2	60	0	1	5	30	0	2	50140001	120	0	12	1	1	45000	0	1	2	90	0	1	5	40	0	2	50140001	180	0
10024	第24章 精英黑客帝国	t_map_name_10024	黑色射手	t_map_boss_name_4	bsx_heiyan	24000	23000	204	t_map_image_text_4	4	1	1	30000	0	1	2	30	0	1	5	20	0	2	50140001	60	0	8	1	1	45000	0	1	2	60	0	1	5	30	0	2	50140001	120	0	12	1	1	45000	0	1	2	90	0	1	5	40	0	2	50140001	180	0
10025	第25章 精英魔能黑手	t_map_name_10025	波波利	t_map_boss_name_5	bsx_lbli	25000	24000	205	t_map_image_text_5	4	1	1	30000	0	1	2	30	0	1	5	20	0	2	50140001	60	0	8	1	1	45000	0	1	2	60	0	1	5	30	0	2	50140001	120	0	12	1	1	45000	0	1	2	90	0	1	5	40	0	2	50140001	180	0
10026	第26章 精英伟业中落	t_map_name_10026	zero	t_map_boss_name_6	bsx_zero	26000	25000	206	t_map_image_text_6	4	1	1	30000	0	1	2	30	0	1	5	20	0	2	50140001	60	0	8	1	1	45000	0	1	2	60	0	1	5	30	0	2	50140001	120	0	12	1	1	45000	0	1	2	90	0	1	5	40	0	2	50140001	180	0
10027	第27章 精英炎发灼眼	t_map_name_10027	灼眼公主	t_map_boss_name_15	bsx_xiana	27000	26000	401	t_map_image_text_15	4	1	1	30000	0	1	2	30	0	1	5	20	0	2	50140001	60	0	8	1	1	45000	0	1	2	60	0	1	5	30	0	2	50140001	120	0	12	1	1	45000	0	1	2	90	0	1	5	40	0	2	50140001	180	0
10028	第28章 精英半灵之殇	t_map_name_10028	妖妄之梦	t_map_boss_name_7	bsx_yme	28000	27000	207	t_map_image_text_7	4	1	1	30000	0	1	2	30	0	1	5	20	0	2	50140001	60	0	8	1	1	45000	0	1	2	60	0	1	5	30	0	2	50140001	120	0	12	1	1	45000	0	1	2	90	0	1	5	40	0	2	50140001	180	0
10029	第29章 精英北方幽灵	t_map_name_10029	幽灵公主	t_map_boss_name_8	bsx_yyz	29000	28000	208	t_map_image_text_8	4	1	1	30000	0	1	2	30	0	1	5	20	0	2	50140001	60	0	8	1	1	45000	0	1	2	60	0	1	5	30	0	2	50140001	120	0	12	1	1	45000	0	1	2	90	0	1	5	40	0	2	50140001	180	0
10030	第30章 精英市场战争	t_map_name_10030	红白	t_map_boss_name_9	bsx_bllm	30000	29000	209	t_map_image_text_9	4	1	1	30000	0	1	2	30	0	1	5	20	0	2	50140001	60	0	8	1	1	45000	0	1	2	60	0	1	5	30	0	2	50140001	120	0	12	1	1	45000	0	1	2	90	0	1	5	40	0	2	50140001	180	0
10031	第31章 精英围魏救赵	t_map_name_10031	C.C	t_map_boss_name_10	bsx_cc	31000	30000	211	t_map_image_text_10	4	1	1	40000	0	1	2	30	0	1	5	20	0	2	50140001	60	0	8	1	1	60000	0	1	2	60	0	1	5	30	0	2	50140001	120	0	12	1	1	60000	0	1	2	90	0	1	5	40	0	2	50140001	180	0
10032	第32章 精英歌会请柬	t_map_name_10032	初音战士	t_map_boss_name_11	bsx_chuyin	32000	31000	212	t_map_image_text_11	4	1	1	40000	0	1	2	30	0	1	5	20	0	2	50140001	60	0	8	1	1	60000	0	1	2	60	0	1	5	30	0	2	50140001	120	0	12	1	1	60000	0	1	2	90	0	1	5	40	0	2	50140001	180	0
10033	第33章 精英天使星球	t_map_name_10033	一卡螺丝	t_map_boss_name_17	bsx_ykls	33000	32000	403	t_map_image_text_17	4	1	1	40000	0	1	2	30	0	1	5	20	0	2	50140001	60	0	8	1	1	60000	0	1	2	60	0	1	5	30	0	2	50140001	120	0	12	1	1	60000	0	1	2	90	0	1	5	40	0	2	50140001	180	0
10034	第34章 精英回到未来	t_map_name_10034	明日少尉	t_map_boss_name_1	bsx_mrx	34000	33000	201	t_map_image_text_1	4	1	1	40000	0	1	2	30	0	1	5	20	0	2	50140001	60	0	8	1	1	60000	0	1	2	60	0	1	5	30	0	2	50140001	120	0	12	1	1	60000	0	1	2	90	0	1	5	40	0	2	50140001	180	0
10035	第35章 精英阻击呱太	t_map_name_10035	炮姐	t_map_boss_name_3	bsx_ybmq	35000	34000	203	t_map_image_text_3	4	1	1	40000	0	1	2	30	0	1	5	20	0	2	50140001	60	0	8	1	1	60000	0	1	2	60	0	1	5	30	0	2	50140001	120	0	12	1	1	60000	0	1	2	90	0	1	5	40	0	2	50140001	180	0
10036	第36章 精英防御无效	t_map_name_10036	黑色射手	t_map_boss_name_4	bsx_heiyan	36000	35000	204	t_map_image_text_4	4	1	1	40000	0	1	2	30	0	1	5	20	0	2	50140001	60	0	8	1	1	60000	0	1	2	60	0	1	5	30	0	2	50140001	120	0	12	1	1	60000	0	1	2	90	0	1	5	40	0	2	50140001	180	0
10037	第37章 精英武器禁运	t_map_name_10037	波波利	t_map_boss_name_5	bsx_lbli	37000	36000	205	t_map_image_text_5	4	1	1	40000	0	1	2	30	0	1	5	20	0	2	50140001	60	0	8	1	1	60000	0	1	2	60	0	1	5	30	0	2	50140001	120	0	12	1	1	60000	0	1	2	90	0	1	5	40	0	2	50140001	180	0
10038	第38章 精英连锁效应	t_map_name_10038	zero	t_map_boss_name_6	bsx_zero	38000	37000	206	t_map_image_text_6	4	1	1	40000	0	1	2	30	0	1	5	20	0	2	50140001	60	0	8	1	1	60000	0	1	2	60	0	1	5	30	0	2	50140001	120	0	12	1	1	60000	0	1	2	90	0	1	5	40	0	2	50140001	180	0
10039	第39章 精英镜像星球	t_map_name_10039	灼眼公主	t_map_boss_name_15	bsx_xiana	39000	38000	401	t_map_image_text_15	4	1	1	40000	0	1	2	30	0	1	5	20	0	2	50140001	60	0	8	1	1	60000	0	1	2	60	0	1	5	30	0	2	50140001	120	0	12	1	1	60000	0	1	2	90	0	1	5	40	0	2	50140001	180	0
10040	第40章 精英异变再临	t_map_name_10040	妖妄之梦	t_map_boss_name_7	bsx_yme	40000	39000	207	t_map_image_text_7	4	1	1	40000	0	1	2	30	0	1	5	20	0	2	50140001	60	0	8	1	1	60000	0	1	2	60	0	1	5	30	0	2	50140001	120	0	12	1	1	60000	0	1	2	90	0	1	5	40	0	2	50140001	180	0
10041	第41章 精英肥胖公主	t_map_name_10041	幽灵公主	t_map_boss_name_8	bsx_yyz	41000	40000	208	t_map_image_text_8	4	1	1	50000	0	1	2	30	0	1	5	20	0	2	50140001	60	0	8	1	1	75000	0	1	2	60	0	1	5	30	0	2	50140001	120	0	12	1	1	75000	0	1	2	90	0	1	5	40	0	2	50140001	180	0
10042	第42章 精英保险星球	t_map_name_10042	红白	t_map_boss_name_9	bsx_bllm	42000	41000	209	t_map_image_text_9	4	1	1	50000	0	1	2	30	0	1	5	20	0	2	50140001	60	0	8	1	1	75000	0	1	2	60	0	1	5	30	0	2	50140001	120	0	12	1	1	75000	0	1	2	90	0	1	5	40	0	2	50140001	180	0
10043	第43章 精英安分不能	t_map_name_10043	C.C	t_map_boss_name_10	bsx_cc	43000	42000	211	t_map_image_text_10	4	1	1	50000	0	1	2	30	0	1	5	20	0	2	50140001	60	0	8	1	1	75000	0	1	2	60	0	1	5	30	0	2	50140001	120	0	12	1	1	75000	0	1	2	90	0	1	5	40	0	2	50140001	180	0
10044	第44章 精英退艺演出	t_map_name_10044	初音战士	t_map_boss_name_11	bsx_chuyin	44000	43000	212	t_map_image_text_11	4	1	1	50000	0	1	2	30	0	1	5	20	0	2	50140001	60	0	8	1	1	75000	0	1	2	60	0	1	5	30	0	2	50140001	120	0	12	1	1	75000	0	1	2	90	0	1	5	40	0	2	50140001	180	0
10045	第45章 精英穿越尝试	t_map_name_10045	一卡螺丝	t_map_boss_name_17	bsx_ykls	45000	44000	403	t_map_image_text_17	4	1	1	50000	0	1	2	30	0	1	5	20	0	2	50140001	60	0	8	1	1	75000	0	1	2	60	0	1	5	30	0	2	50140001	120	0	12	1	1	75000	0	1	2	90	0	1	5	40	0	2	50140001	180	0
10046	第46章 精英定期考核	t_map_name_10046	斗人	t_map_boss_name_2	bsx_dren	46000	45000	202	t_map_image_text_2	4	1	1	50000	0	1	2	30	0	1	5	20	0	2	50140001	60	0	8	1	1	75000	0	1	2	60	0	1	5	30	0	2	50140001	120	0	12	1	1	75000	0	1	2	90	0	1	5	40	0	2	50140001	180	0
10047	第47章 精英特殊禁运	t_map_name_10047	炮姐	t_map_boss_name_3	bsx_ybmq	47000	46000	203	t_map_image_text_3	4	1	1	50000	0	1	2	30	0	1	5	20	0	2	50140001	60	0	8	1	1	75000	0	1	2	60	0	1	5	30	0	2	50140001	120	0	12	1	1	75000	0	1	2	90	0	1	5	40	0	2	50140001	180	0
10048	第48章 精英伪装者	t_map_name_10048	黑色射手	t_map_boss_name_4	bsx_heiyan	48000	47000	204	t_map_image_text_4	4	1	1	50000	0	1	2	30	0	1	5	20	0	2	50140001	60	0	8	1	1	75000	0	1	2	60	0	1	5	30	0	2	50140001	120	0	12	1	1	75000	0	1	2	90	0	1	5	40	0	2	50140001	180	0
10049	第49章 精英非法实验	t_map_name_10049	波波利	t_map_boss_name_5	bsx_lbli	49000	48000	205	t_map_image_text_5	4	1	1	50000	0	1	2	30	0	1	5	20	0	2	50140001	60	0	8	1	1	75000	0	1	2	60	0	1	5	30	0	2	50140001	120	0	12	1	1	75000	0	1	2	90	0	1	5	40	0	2	50140001	180	0
10050	第50章 精英战争遗产	t_map_name_10050	zero	t_map_boss_name_6	bsx_zero	50000	49000	206	t_map_image_text_6	4	1	1	50000	0	1	2	30	0	1	5	20	0	2	50140001	60	0	8	1	1	75000	0	1	2	60	0	1	5	30	0	2	50140001	120	0	12	1	1	75000	0	1	2	90	0	1	5	40	0	2	50140001	180	0
10051	第51章 精英制度更新	t_map_name_10051	骑士女皇	t_map_boss_name_21	zj_nv001	51000	50000	400	t_map_image_text_21	4	1	1	50000	0	1	2	30	0	1	5	20	0	2	50140001	60	0	8	1	1	75000	0	1	2	60	0	1	5	30	0	2	50140001	120	0	12	1	1	75000	0	1	2	90	0	1	5	40	0	2	50140001	180	0
10052	第52章 精英魔剑降临	t_map_name_10052	魔法剑士	t_map_boss_name_16	bsx_dyhdw	52000	51000	402	t_map_image_text_16	4	1	1	50000	0	1	2	30	0	1	5	20	0	2	50140001	60	0	8	1	1	75000	0	1	2	60	0	1	5	30	0	2	50140001	120	0	12	1	1	75000	0	1	2	90	0	1	5	40	0	2	50140001	180	0
10053	第53章 精英夜宵禁令	t_map_name_10053	妖妄之梦	t_map_boss_name_7	bsx_yme	53000	52000	207	t_map_image_text_7	4	1	1	50000	0	1	2	30	0	1	5	20	0	2	50140001	60	0	8	1	1	75000	0	1	2	60	0	1	5	30	0	2	50140001	120	0	12	1	1	75000	0	1	2	90	0	1	5	40	0	2	50140001	180	0
10054	第54章 精英减肥计划	t_map_name_10054	幽灵公主	t_map_boss_name_8	bsx_yyz	54000	53000	208	t_map_image_text_8	4	1	1	50000	0	1	2	30	0	1	5	20	0	2	50140001	60	0	8	1	1	75000	0	1	2	60	0	1	5	30	0	2	50140001	120	0	12	1	1	75000	0	1	2	90	0	1	5	40	0	2	50140001	180	0
10055	第55章 精英保险之殇	t_map_name_10055	红白	t_map_boss_name_9	bsx_bllm	55000	54000	209	t_map_image_text_9	4	1	1	50000	0	1	2	30	0	1	5	20	0	2	50140001	60	0	8	1	1	75000	0	1	2	60	0	1	5	30	0	2	50140001	120	0	12	1	1	75000	0	1	2	90	0	1	5	40	0	2	50140001	180	0
10056	第56章 精英约定失效	t_map_name_10056	C.C	t_map_boss_name_10	bsx_cc	56000	55000	211	t_map_image_text_10	4	1	1	50000	0	1	2	30	0	1	5	20	0	2	50140001	60	0	8	1	1	75000	0	1	2	60	0	1	5	30	0	2	50140001	120	0	12	1	1	75000	0	1	2	90	0	1	5	40	0	2	50140001	180	0
10057	第57章 精英冒牌歌迷	t_map_name_10057	初音战士	t_map_boss_name_11	bsx_chuyin	57000	56000	212	t_map_image_text_11	4	1	1	50000	0	1	2	30	0	1	5	20	0	2	50140001	60	0	8	1	1	75000	0	1	2	60	0	1	5	30	0	2	50140001	120	0	12	1	1	75000	0	1	2	90	0	1	5	40	0	2	50140001	180	0
10058	第58章 精英总部沦陷	t_map_name_10058	一卡螺丝	t_map_boss_name_17	bsx_ykls	58000	57000	403	t_map_image_text_17	4	1	1	50000	0	1	2	30	0	1	5	20	0	2	50140001	60	0	8	1	1	75000	0	1	2	60	0	1	5	30	0	2	50140001	120	0	12	1	1	75000	0	1	2	90	0	1	5	40	0	2	50140001	180	0
10059	第59章 精英新的希望	t_map_name_10059	明日少尉	t_map_boss_name_1	bsx_mrx	59000	58000	201	t_map_image_text_1	4	1	1	50000	0	1	2	30	0	1	5	20	0	2	50140001	60	0	8	1	1	75000	0	1	2	60	0	1	5	30	0	2	50140001	120	0	12	1	1	75000	0	1	2	90	0	1	5	40	0	2	50140001	180	0
10060	第60章 精英无能力者	t_map_name_10060	炮姐	t_map_boss_name_3	bsx_ybmq	60000	59000	203	t_map_image_text_3	4	1	1	50000	0	1	2	30	0	1	5	20	0	2	50140001	60	0	8	1	1	75000	0	1	2	60	0	1	5	30	0	2	50140001	120	0	12	1	1	75000	0	1	2	90	0	1	5	40	0	2	50140001	180	0
10061	第61章 精英无药可救	t_map_name_10061	黑色射手	t_map_boss_name_4	bsx_heiyan	61000	60000	204	t_map_image_text_4	4	1	1	50000	0	1	2	30	0	1	5	20	0	2	50140001	60	0	8	1	1	75000	0	1	2	60	0	1	5	30	0	2	50140001	120	0	12	1	1	75000	0	1	2	90	0	1	5	40	0	2	50140001	180	0
10062	第62章 精英傲娇无言	t_map_name_10062	波波利	t_map_boss_name_5	bsx_lbli	62000	61000	205	t_map_image_text_5	4	1	1	50000	0	1	2	30	0	1	5	20	0	2	50140001	60	0	8	1	1	75000	0	1	2	60	0	1	5	30	0	2	50140001	120	0	12	1	1	75000	0	1	2	90	0	1	5	40	0	2	50140001	180	0
10063	第63章 精英失控的爱	t_map_name_10063	zero	t_map_boss_name_6	bsx_zero	63000	62000	206	t_map_image_text_6	4	1	1	50000	0	1	2	30	0	1	5	20	0	2	50140001	60	0	8	1	1	75000	0	1	2	60	0	1	5	30	0	2	50140001	120	0	12	1	1	75000	0	1	2	90	0	1	5	40	0	2	50140001	180	0
10064	第64章 精英尝试逃离	t_map_name_10064	灼眼公主	t_map_boss_name_15	bsx_xiana	64000	63000	401	t_map_image_text_15	4	1	1	50000	0	1	2	30	0	1	5	20	0	2	50140001	60	0	8	1	1	75000	0	1	2	60	0	1	5	30	0	2	50140001	120	0	12	1	1	75000	0	1	2	90	0	1	5	40	0	2	50140001	180	0
10065	第65章 精英无处躲藏	t_map_name_10065	妖妄之梦	t_map_boss_name_7	bsx_yme	65000	64000	207	t_map_image_text_7	4	1	1	50000	0	1	2	30	0	1	5	20	0	2	50140001	60	0	8	1	1	75000	0	1	2	60	0	1	5	30	0	2	50140001	120	0	12	1	1	75000	0	1	2	90	0	1	5	40	0	2	50140001	180	0
10066	第66章 精英任性	t_map_name_10066	幽灵公主	t_map_boss_name_8	bsx_yyz	66000	65000	208	t_map_image_text_8	4	1	1	50000	0	1	2	30	0	1	5	20	0	2	50140001	60	0	8	1	1	75000	0	1	2	60	0	1	5	30	0	2	50140001	120	0	12	1	1	75000	0	1	2	90	0	1	5	40	0	2	50140001	180	0
10067	第67章 精英尊严之战	t_map_name_10067	红白	t_map_boss_name_9	bsx_bllm	67000	66000	209	t_map_image_text_9	4	1	1	50000	0	1	2	30	0	1	5	20	0	2	50140001	60	0	8	1	1	75000	0	1	2	60	0	1	5	30	0	2	50140001	120	0	12	1	1	75000	0	1	2	90	0	1	5	40	0	2	50140001	180	0
10068	第68章 精英知情人士	t_map_name_10068	C.C	t_map_boss_name_10	bsx_cc	68000	67000	211	t_map_image_text_10	4	1	1	50000	0	1	2	30	0	1	5	20	0	2	50140001	60	0	8	1	1	75000	0	1	2	60	0	1	5	30	0	2	50140001	120	0	12	1	1	75000	0	1	2	90	0	1	5	40	0	2	50140001	180	0
10069	第69章 精英脑控传说	t_map_name_10069	初音战士	t_map_boss_name_11	bsx_chuyin	69000	68000	212	t_map_image_text_11	4	1	1	50000	0	1	2	30	0	1	5	20	0	2	50140001	60	0	8	1	1	75000	0	1	2	60	0	1	5	30	0	2	50140001	120	0	12	1	1	75000	0	1	2	90	0	1	5	40	0	2	50140001	180	0
10070	第70章 精英过程放大	t_map_name_10070	骑士女皇	t_map_boss_name_21	zj_nv001	70000	69000	400	t_map_image_text_21	4	1	1	50000	0	1	2	30	0	1	5	20	0	2	50140001	60	0	8	1	1	75000	0	1	2	60	0	1	5	30	0	2	50140001	120	0	12	1	1	75000	0	1	2	90	0	1	5	40	0	2	50140001	180	0
10071	第71章 精英故意放水	t_map_name_10071	斗人	t_map_boss_name_2	bsx_dren	71000	70000	202	t_map_image_text_2	4	1	1	50000	0	1	2	30	0	1	5	20	0	2	50140001	60	0	8	1	1	75000	0	1	2	60	0	1	5	30	0	2	50140001	120	0	12	1	1	75000	0	1	2	90	0	1	5	40	0	2	50140001	180	0
10072	第72章 精英反叛者	t_map_name_10072	炮姐	t_map_boss_name_3	bsx_ybmq	72000	71000	203	t_map_image_text_3	4	1	1	50000	0	1	2	30	0	1	5	20	0	2	50140001	60	0	8	1	1	75000	0	1	2	60	0	1	5	30	0	2	50140001	120	0	12	1	1	75000	0	1	2	90	0	1	5	40	0	2	50140001	180	0
10073	第73章 精英英雄反目	t_map_name_10073	黑色射手	t_map_boss_name_4	bsx_heiyan	73000	72000	204	t_map_image_text_4	4	1	1	50000	0	1	2	30	0	1	5	20	0	2	50140001	60	0	8	1	1	75000	0	1	2	60	0	1	5	30	0	2	50140001	120	0	12	1	1	75000	0	1	2	90	0	1	5	40	0	2	50140001	180	0
10074	第74章 精英午时已到	t_map_name_10074	波波利	t_map_boss_name_5	bsx_lbli	74000	73000	205	t_map_image_text_5	4	1	1	50000	0	1	2	30	0	1	5	20	0	2	50140001	60	0	8	1	1	75000	0	1	2	60	0	1	5	30	0	2	50140001	120	0	12	1	1	75000	0	1	2	90	0	1	5	40	0	2	50140001	180	0
10075	第75章 精英罪恶之花	t_map_name_10075	zero	t_map_boss_name_6	bsx_zero	75000	74000	206	t_map_image_text_6	4	1	1	50000	0	1	2	30	0	1	5	20	0	2	50140001	60	0	8	1	1	75000	0	1	2	60	0	1	5	30	0	2	50140001	120	0	12	1	1	75000	0	1	2	90	0	1	5	40	0	2	50140001	180	0
10076	第76章 精英海市蜃楼	t_map_name_10076	魔法剑士	t_map_boss_name_16	bsx_dyhdw	76000	75000	402	t_map_image_text_16	4	1	1	50000	0	1	2	30	0	1	5	20	0	2	50140001	60	0	8	1	1	75000	0	1	2	60	0	1	5	30	0	2	50140001	120	0	12	1	1	75000	0	1	2	90	0	1	5	40	0	2	50140001	180	0
10077	第77章 精英忠犬属性	t_map_name_10077	妖妄之梦	t_map_boss_name_7	bsx_yme	77000	76000	207	t_map_image_text_7	4	1	1	50000	0	1	2	30	0	1	5	20	0	2	50140001	60	0	8	1	1	75000	0	1	2	60	0	1	5	30	0	2	50140001	120	0	12	1	1	75000	0	1	2	90	0	1	5	40	0	2	50140001	180	0
10078	第78章 精英爱意惩罚	t_map_name_10078	幽灵公主	t_map_boss_name_8	bsx_yyz	78000	77000	208	t_map_image_text_8	4	1	1	50000	0	1	2	30	0	1	5	20	0	2	50140001	60	0	8	1	1	75000	0	1	2	60	0	1	5	30	0	2	50140001	120	0	12	1	1	75000	0	1	2	90	0	1	5	40	0	2	50140001	180	0
10079	第79章 精英秩序之光	t_map_name_10079	红白	t_map_boss_name_9	bsx_bllm	79000	78000	209	t_map_image_text_9	4	1	1	50000	0	1	2	30	0	1	5	20	0	2	50140001	60	0	8	1	1	75000	0	1	2	60	0	1	5	30	0	2	50140001	120	0	12	1	1	75000	0	1	2	90	0	1	5	40	0	2	50140001	180	0
10080	第80章 精英爆发集结	t_map_name_10080	C.C	t_map_boss_name_10	bsx_cc	80000	79000	211	t_map_image_text_10	4	1	1	50000	0	1	2	30	0	1	5	20	0	2	50140001	60	0	8	1	1	75000	0	1	2	60	0	1	5	30	0	2	50140001	120	0	12	1	1	75000	0	1	2	90	0	1	5	40	0	2	50140001	180	0
10081	第81章 精英偶像名义	t_map_name_10081	初音战士	t_map_boss_name_11	bsx_chuyin	81000	80000	212	t_map_image_text_11	4	1	1	50000	0	1	2	30	0	1	5	20	0	2	50140001	60	0	8	1	1	75000	0	1	2	60	0	1	5	30	0	2	50140001	120	0	12	1	1	75000	0	1	2	90	0	1	5	40	0	2	50140001	180	0
10082	第82章 精英完美穿越	t_map_name_10082	一卡螺丝	t_map_boss_name_17	bsx_ykls	82000	81000	403	t_map_image_text_17	4	1	1	50000	0	1	2	30	0	1	5	20	0	2	50140001	60	0	8	1	1	75000	0	1	2	60	0	1	5	30	0	2	50140001	120	0	12	1	1	75000	0	1	2	90	0	1	5	40	0	2	50140001	180	0
10083	第83章 精英新的危机	t_map_name_10083	明日少尉	t_map_boss_name_1	bsx_mrx	83000	82000	201	t_map_image_text_1	4	1	1	50000	0	1	2	30	0	1	5	20	0	2	50140001	60	0	8	1	1	75000	0	1	2	60	0	1	5	30	0	2	50140001	120	0	12	1	1	75000	0	1	2	90	0	1	5	40	0	2	50140001	180	0
10084	第84章 精英底裤女神	t_map_name_10084	炮姐	t_map_boss_name_3	bsx_ybmq	84000	83000	203	t_map_image_text_3	4	1	1	50000	0	1	2	30	0	1	5	20	0	2	50140001	60	0	8	1	1	75000	0	1	2	60	0	1	5	30	0	2	50140001	120	0	12	1	1	75000	0	1	2	90	0	1	5	40	0	2	50140001	180	0
10085	第85章 精英英雄沦陷	t_map_name_10085	黑色射手	t_map_boss_name_4	bsx_heiyan	85000	84000	204	t_map_image_text_4	4	1	1	50000	0	1	2	30	0	1	5	20	0	2	50140001	60	0	8	1	1	75000	0	1	2	60	0	1	5	30	0	2	50140001	120	0	12	1	1	75000	0	1	2	90	0	1	5	40	0	2	50140001	180	0
10086	第86章 精英猎虫使者	t_map_name_10086	波波利	t_map_boss_name_5	bsx_lbli	86000	85000	205	t_map_image_text_5	4	1	1	50000	0	1	2	30	0	1	5	20	0	2	50140001	60	0	8	1	1	75000	0	1	2	60	0	1	5	30	0	2	50140001	120	0	12	1	1	75000	0	1	2	90	0	1	5	40	0	2	50140001	180	0
10087	第87章 精英自体免疫	t_map_name_10087	zero	t_map_boss_name_6	bsx_zero	87000	86000	206	t_map_image_text_6	4	1	1	50000	0	1	2	30	0	1	5	20	0	2	50140001	60	0	8	1	1	75000	0	1	2	60	0	1	5	30	0	2	50140001	120	0	12	1	1	75000	0	1	2	90	0	1	5	40	0	2	50140001	180	0
10088	第88章 精英医者	t_map_name_10088	阿丝奈	t_map_boss_name_22	bsx_jcmrn	88000	87000	500	t_map_image_text_22	4	1	1	50000	0	1	2	30	0	1	5	20	0	2	50140001	60	0	8	1	1	75000	0	1	2	60	0	1	5	30	0	2	50140001	120	0	12	1	1	75000	0	1	2	90	0	1	5	40	0	2	50140001	180	0
10089	第89章 精英梦境沦陷	t_map_name_10089	妖妄之梦	t_map_boss_name_7	bsx_yme	89000	88000	207	t_map_image_text_7	4	1	1	50000	0	1	2	30	0	1	5	20	0	2	50140001	60	0	8	1	1	75000	0	1	2	60	0	1	5	30	0	2	50140001	120	0	12	1	1	75000	0	1	2	90	0	1	5	40	0	2	50140001	180	0
10090	第90章 精英阴阳两隔	t_map_name_10090	幽灵公主	t_map_boss_name_8	bsx_yyz	90000	89000	208	t_map_image_text_8	4	1	1	50000	0	1	2	30	0	1	5	20	0	2	50140001	60	0	8	1	1	75000	0	1	2	60	0	1	5	30	0	2	50140001	120	0	12	1	1	75000	0	1	2	90	0	1	5	40	0	2	50140001	180	0
10091	第91章 精英净化之地	t_map_name_10091	红白	t_map_boss_name_9	bsx_bllm	91000	90000	209	t_map_image_text_9	4	1	1	50000	0	1	2	30	0	1	5	20	0	2	50140001	60	0	8	1	1	75000	0	1	2	60	0	1	5	30	0	2	50140001	120	0	12	1	1	75000	0	1	2	90	0	1	5	40	0	2	50140001	180	0
10092	第92章 精英灾难之财	t_map_name_10092	C.C	t_map_boss_name_10	bsx_cc	92000	91000	211	t_map_image_text_10	4	1	1	50000	0	1	2	30	0	1	5	20	0	2	50140001	60	0	8	1	1	75000	0	1	2	60	0	1	5	30	0	2	50140001	120	0	12	1	1	75000	0	1	2	90	0	1	5	40	0	2	50140001	180	0
10093	第93章 精英声音防域	t_map_name_10093	初音战士	t_map_boss_name_11	bsx_chuyin	93000	92000	212	t_map_image_text_11	4	1	1	50000	0	1	2	30	0	1	5	20	0	2	50140001	60	0	8	1	1	75000	0	1	2	60	0	1	5	30	0	2	50140001	120	0	12	1	1	75000	0	1	2	90	0	1	5	40	0	2	50140001	180	0
10094	第94章 精英时间使者	t_map_name_10094	狂姗	t_map_boss_name_23	bsx_sqks	94000	93000	501	t_map_image_text_23	4	1	1	50000	0	1	2	30	0	1	5	20	0	2	50140001	60	0	8	1	1	75000	0	1	2	60	0	1	5	30	0	2	50140001	120	0	12	1	1	75000	0	1	2	90	0	1	5	40	0	2	50140001	180	0
10095	第95章 精英醋意	t_map_name_10095	斗人	t_map_boss_name_2	bsx_dren	95000	94000	202	t_map_image_text_2	4	1	1	50000	0	1	2	30	0	1	5	20	0	2	50140001	60	0	8	1	1	75000	0	1	2	60	0	1	5	30	0	2	50140001	120	0	12	1	1	75000	0	1	2	90	0	1	5	40	0	2	50140001	180	0
10096	第96章 精英预防方针	t_map_name_10096	炮姐	t_map_boss_name_3	bsx_ybmq	96000	95000	203	t_map_image_text_3	4	1	1	50000	0	1	2	30	0	1	5	20	0	2	50140001	60	0	8	1	1	75000	0	1	2	60	0	1	5	30	0	2	50140001	120	0	12	1	1	75000	0	1	2	90	0	1	5	40	0	2	50140001	180	0
10097	第97章 精英安全至上	t_map_name_10097	黑色射手	t_map_boss_name_4	bsx_heiyan	97000	96000	204	t_map_image_text_4	4	1	1	50000	0	1	2	30	0	1	5	20	0	2	50140001	60	0	8	1	1	75000	0	1	2	60	0	1	5	30	0	2	50140001	120	0	12	1	1	75000	0	1	2	90	0	1	5	40	0	2	50140001	180	0
10098	第98章 精英权力渗透	t_map_name_10098	波波利	t_map_boss_name_5	bsx_lbli	98000	97000	205	t_map_image_text_5	4	1	1	50000	0	1	2	30	0	1	5	20	0	2	50140001	60	0	8	1	1	75000	0	1	2	60	0	1	5	30	0	2	50140001	120	0	12	1	1	75000	0	1	2	90	0	1	5	40	0	2	50140001	180	0
10099	第99章 精英早有阴谋	t_map_name_10099	zero	t_map_boss_name_6	bsx_zero	99000	98000	206	t_map_image_text_6	4	1	1	50000	0	1	2	30	0	1	5	20	0	2	50140001	60	0	8	1	1	75000	0	1	2	60	0	1	5	30	0	2	50140001	120	0	12	1	1	75000	0	1	2	90	0	1	5	40	0	2	50140001	180	0
10100	第100章 精英新的火焰	t_map_name_10100	火女	t_map_boss_name_18	bsx_bzhw	100000	99000	404	t_map_image_text_18	4	1	1	50000	0	1	2	30	0	1	5	20	0	2	50140001	60	0	8	1	1	75000	0	1	2	60	0	1	5	30	0	2	50140001	120	0	12	1	1	75000	0	1	2	90	0	1	5	40	0	2	50140001	180	0
10101	第101章 精英强行搜查	t_map_name_10101	妖妄之梦	t_map_boss_name_7	bsx_yme	101000	100000	207	t_map_image_text_7	4	1	1	50000	0	1	2	30	0	1	5	20	0	2	50140001	60	0	8	1	1	75000	0	1	2	60	0	1	5	30	0	2	50140001	120	0	12	1	1	75000	0	1	2	90	0	1	5	40	0	2	50140001	180	0
10102	第102章 精英吃货无敌	t_map_name_10102	幽灵公主	t_map_boss_name_8	bsx_yyz	102000	101000	208	t_map_image_text_8	4	1	1	50000	0	1	2	30	0	1	5	20	0	2	50140001	60	0	8	1	1	75000	0	1	2	60	0	1	5	30	0	2	50140001	120	0	12	1	1	75000	0	1	2	90	0	1	5	40	0	2	50140001	180	0
10103	第103章 精英吝啬鬼	t_map_name_10103	红白	t_map_boss_name_9	bsx_bllm	103000	102000	209	t_map_image_text_9	4	1	1	50000	0	1	2	30	0	1	5	20	0	2	50140001	60	0	8	1	1	75000	0	1	2	60	0	1	5	30	0	2	50140001	120	0	12	1	1	75000	0	1	2	90	0	1	5	40	0	2	50140001	180	0
10104	第104章 精英非法探寻	t_map_name_10104	C.C	t_map_boss_name_10	bsx_cc	104000	103000	211	t_map_image_text_10	4	1	1	50000	0	1	2	30	0	1	5	20	0	2	50140001	60	0	8	1	1	75000	0	1	2	60	0	1	5	30	0	2	50140001	120	0	12	1	1	75000	0	1	2	90	0	1	5	40	0	2	50140001	180	0
10105	第105章 精英万恶之源	t_map_name_10105	初音战士	t_map_boss_name_11	bsx_chuyin	105000	104000	212	t_map_image_text_11	4	1	1	50000	0	1	2	30	0	1	5	20	0	2	50140001	60	0	8	1	1	75000	0	1	2	60	0	1	5	30	0	2	50140001	120	0	12	1	1	75000	0	1	2	90	0	1	5	40	0	2	50140001	180	0
10106	第106章 精英猎人训练	t_map_name_10106	魔法剑士	t_map_boss_name_16	bsx_dyhdw	106000	105000	402	t_map_image_text_16	4	1	1	50000	0	1	2	30	0	1	5	20	0	2	50140001	60	0	8	1	1	75000	0	1	2	60	0	1	5	30	0	2	50140001	120	0	12	1	1	75000	0	1	2	90	0	1	5	40	0	2	50140001	180	0
10107	第107章 精英临行准备	t_map_name_10107	明日少尉	t_map_boss_name_1	bsx_mrx	107000	106000	201	t_map_image_text_1	4	1	1	50000	0	1	2	30	0	1	5	20	0	2	50140001	60	0	8	1	1	75000	0	1	2	60	0	1	5	30	0	2	50140001	120	0	12	1	1	75000	0	1	2	90	0	1	5	40	0	2	50140001	180	0
10108	第108章 精英医者善武	t_map_name_10108	阿丝奈	t_map_boss_name_22	bsx_jcmrn	108000	107000	500	t_map_image_text_22	4	1	1	50000	0	1	2	30	0	1	5	20	0	2	50140001	60	0	8	1	1	75000	0	1	2	60	0	1	5	30	0	2	50140001	120	0	12	1	1	75000	0	1	2	90	0	1	5	40	0	2	50140001	180	0
10109	第109章 精英未来的帐	t_map_name_10109	狂姗	t_map_boss_name_23	bsx_sqks	109000	108000	501	t_map_image_text_23	4	1	1	50000	0	1	2	30	0	1	5	20	0	2	50140001	60	0	8	1	1	75000	0	1	2	60	0	1	5	30	0	2	50140001	120	0	12	1	1	75000	0	1	2	90	0	1	5	40	0	2	50140001	180	0
10110	第110章 精英复仇	t_map_name_10110	炮姐	t_map_boss_name_3	bsx_ybmq	110000	109000	203	t_map_image_text_3	4	1	1	50000	0	1	2	30	0	1	5	20	0	2	50140001	60	0	8	1	1	75000	0	1	2	60	0	1	5	30	0	2	50140001	120	0	12	1	1	75000	0	1	2	90	0	1	5	40	0	2	50140001	180	0
10111	第111章 精英清缴	t_map_name_10111	黑色射手	t_map_boss_name_4	bsx_heiyan	111000	110000	204	t_map_image_text_4	4	1	1	50000	0	1	2	30	0	1	5	20	0	2	50140001	60	0	8	1	1	75000	0	1	2	60	0	1	5	30	0	2	50140001	120	0	12	1	1	75000	0	1	2	90	0	1	5	40	0	2	50140001	180	0
10112	第112章 精英狂妄	t_map_name_10112	波波利	t_map_boss_name_5	bsx_lbli	112000	111000	205	t_map_image_text_5	4	1	1	50000	0	1	2	30	0	1	5	20	0	2	50140001	60	0	8	1	1	75000	0	1	2	60	0	1	5	30	0	2	50140001	120	0	12	1	1	75000	0	1	2	90	0	1	5	40	0	2	50140001	180	0
10113	第113章 精英大话	t_map_name_10113	zero	t_map_boss_name_6	bsx_zero	113000	112000	206	t_map_image_text_6	4	1	1	50000	0	1	2	30	0	1	5	20	0	2	50140001	60	0	8	1	1	75000	0	1	2	60	0	1	5	30	0	2	50140001	120	0	12	1	1	75000	0	1	2	90	0	1	5	40	0	2	50140001	180	0
10114	第114章 精英冒失	t_map_name_10114	妖妄之梦	t_map_boss_name_7	bsx_yme	114000	113000	207	t_map_image_text_7	4	1	1	50000	0	1	2	30	0	1	5	20	0	2	50140001	60	0	8	1	1	75000	0	1	2	60	0	1	5	30	0	2	50140001	120	0	12	1	1	75000	0	1	2	90	0	1	5	40	0	2	50140001	180	0
10115	第115章 精英佯装	t_map_name_10115	幽灵公主	t_map_boss_name_8	bsx_yyz	115000	114000	208	t_map_image_text_8	4	1	1	50000	0	1	2	30	0	1	5	20	0	2	50140001	60	0	8	1	1	75000	0	1	2	60	0	1	5	30	0	2	50140001	120	0	12	1	1	75000	0	1	2	90	0	1	5	40	0	2	50140001	180	0
10116	第116章 精英完美复制	t_map_name_10116	红白	t_map_boss_name_9	bsx_bllm	116000	115000	209	t_map_image_text_9	4	1	1	50000	0	1	2	30	0	1	5	20	0	2	50140001	60	0	8	1	1	75000	0	1	2	60	0	1	5	30	0	2	50140001	120	0	12	1	1	75000	0	1	2	90	0	1	5	40	0	2	50140001	180	0
10117	第117章 精英赝品	t_map_name_10117	C.C	t_map_boss_name_10	bsx_cc	117000	116000	211	t_map_image_text_10	4	1	1	50000	0	1	2	30	0	1	5	20	0	2	50140001	60	0	8	1	1	75000	0	1	2	60	0	1	5	30	0	2	50140001	120	0	12	1	1	75000	0	1	2	90	0	1	5	40	0	2	50140001	180	0
10118	第118章 精英终曲	t_map_name_10118	初音战士	t_map_boss_name_11	bsx_chuyin	118000	117000	212	t_map_image_text_11	4	1	1	50000	0	1	2	30	0	1	5	20	0	2	50140001	60	0	8	1	1	75000	0	1	2	60	0	1	5	30	0	2	50140001	120	0	12	1	1	75000	0	1	2	90	0	1	5	40	0	2	50140001	180	0
10119	第119章 精英猎人考核	t_map_name_10119	魔法剑士	t_map_boss_name_16	bsx_dyhdw	119000	118000	402	t_map_image_text_16	4	1	1	50000	0	1	2	30	0	1	5	20	0	2	50140001	60	0	8	1	1	75000	0	1	2	60	0	1	5	30	0	2	50140001	120	0	12	1	1	75000	0	1	2	90	0	1	5	40	0	2	50140001	180	0
10120	第120章 精英全新借口	t_map_name_10120	明日少尉	t_map_boss_name_1	bsx_mrx	120000	119000	201	t_map_image_text_1	4	1	1	50000	0	1	2	30	0	1	5	20	0	2	50140001	60	0	8	1	1	75000	0	1	2	60	0	1	5	30	0	2	50140001	120	0	12	1	1	75000	0	1	2	90	0	1	5	40	0	2	50140001	180	0
10121	第121章 精英粗心	t_map_name_10121	炮姐	t_map_boss_name_3	bsx_ybmq	121000	120000	203	t_map_image_text_3	4	1	1	50000	0	1	2	30	0	1	5	20	0	2	50140001	60	0	8	1	1	75000	0	1	2	60	0	1	5	30	0	2	50140001	120	0	12	1	1	75000	0	1	2	90	0	1	5	40	0	2	50140001	180	0
10122	第122章 精英错时	t_map_name_10122	黑色射手	t_map_boss_name_4	bsx_heiyan	122000	121000	204	t_map_image_text_4	4	1	1	50000	0	1	2	30	0	1	5	20	0	2	50140001	60	0	8	1	1	75000	0	1	2	60	0	1	5	30	0	2	50140001	120	0	12	1	1	75000	0	1	2	90	0	1	5	40	0	2	50140001	180	0
10123	第123章 精英探索	t_map_name_10123	波波利	t_map_boss_name_5	bsx_lbli	123000	122000	205	t_map_image_text_5	4	1	1	50000	0	1	2	30	0	1	5	20	0	2	50140001	60	0	8	1	1	75000	0	1	2	60	0	1	5	30	0	2	50140001	120	0	12	1	1	75000	0	1	2	90	0	1	5	40	0	2	50140001	180	0
10124	第124章 精英恶言	t_map_name_10124	zero	t_map_boss_name_6	bsx_zero	124000	123000	206	t_map_image_text_6	4	1	1	50000	0	1	2	30	0	1	5	20	0	2	50140001	60	0	8	1	1	75000	0	1	2	60	0	1	5	30	0	2	50140001	120	0	12	1	1	75000	0	1	2	90	0	1	5	40	0	2	50140001	180	0
10125	第125章 精英切磋	t_map_name_10125	阿丝奈	t_map_boss_name_22	bsx_jcmrn	125000	124000	500	t_map_image_text_22	4	1	1	50000	0	1	2	30	0	1	5	20	0	2	50140001	60	0	8	1	1	75000	0	1	2	60	0	1	5	30	0	2	50140001	120	0	12	1	1	75000	0	1	2	90	0	1	5	40	0	2	50140001	180	0
10126	第126章 精英私闯	t_map_name_10126	妖妄之梦	t_map_boss_name_7	bsx_yme	126000	125000	207	t_map_image_text_7	4	1	1	50000	0	1	2	30	0	1	5	20	0	2	50140001	60	0	8	1	1	75000	0	1	2	60	0	1	5	30	0	2	50140001	120	0	12	1	1	75000	0	1	2	90	0	1	5	40	0	2	50140001	180	0
10127	第127章 精英泄密	t_map_name_10127	幽灵公主	t_map_boss_name_8	bsx_yyz	127000	126000	208	t_map_image_text_8	4	1	1	50000	0	1	2	30	0	1	5	20	0	2	50140001	60	0	8	1	1	75000	0	1	2	60	0	1	5	30	0	2	50140001	120	0	12	1	1	75000	0	1	2	90	0	1	5	40	0	2	50140001	180	0
10128	第128章 精英空手	t_map_name_10128	红白	t_map_boss_name_9	bsx_bllm	128000	127000	209	t_map_image_text_9	4	1	1	50000	0	1	2	30	0	1	5	20	0	2	50140001	60	0	8	1	1	75000	0	1	2	60	0	1	5	30	0	2	50140001	120	0	12	1	1	75000	0	1	2	90	0	1	5	40	0	2	50140001	180	0
10129	第129章 精英远征	t_map_name_10129	C.C	t_map_boss_name_10	bsx_cc	129000	128000	211	t_map_image_text_10	4	1	1	50000	0	1	2	30	0	1	5	20	0	2	50140001	60	0	8	1	1	75000	0	1	2	60	0	1	5	30	0	2	50140001	120	0	12	1	1	75000	0	1	2	90	0	1	5	40	0	2	50140001	180	0
10130	第130章 精英误会	t_map_name_10130	初音战士	t_map_boss_name_11	bsx_chuyin	130000	129000	212	t_map_image_text_11	4	1	1	50000	0	1	2	30	0	1	5	20	0	2	50140001	60	0	8	1	1	75000	0	1	2	60	0	1	5	30	0	2	50140001	120	0	12	1	1	75000	0	1	2	90	0	1	5	40	0	2	50140001	180	0
10131	第131章 精英求知	t_map_name_10131	狂姗	t_map_boss_name_23	bsx_sqks	131000	130000	501	t_map_image_text_23	4	1	1	50000	0	1	2	30	0	1	5	20	0	2	50140001	60	0	8	1	1	75000	0	1	2	60	0	1	5	30	0	2	50140001	120	0	12	1	1	75000	0	1	2	90	0	1	5	40	0	2	50140001	180	0
10132	第132章 精英重训	t_map_name_10132	斗人	t_map_boss_name_2	bsx_dren	132000	131000	202	t_map_image_text_2	4	1	1	50000	0	1	2	30	0	1	5	20	0	2	50140001	60	0	8	1	1	75000	0	1	2	60	0	1	5	30	0	2	50140001	120	0	12	1	1	75000	0	1	2	90	0	1	5	40	0	2	50140001	180	0
10133	第133章 精英隐瞒	t_map_name_10133	炮姐	t_map_boss_name_3	bsx_ybmq	133000	132000	203	t_map_image_text_3	4	1	1	50000	0	1	2	30	0	1	5	20	0	2	50140001	60	0	8	1	1	75000	0	1	2	60	0	1	5	30	0	2	50140001	120	0	12	1	1	75000	0	1	2	90	0	1	5	40	0	2	50140001	180	0
10134	第134章 精英佯攻	t_map_name_10134	黑色射手	t_map_boss_name_4	bsx_heiyan	134000	133000	204	t_map_image_text_4	4	1	1	50000	0	1	2	30	0	1	5	20	0	2	50140001	60	0	8	1	1	75000	0	1	2	60	0	1	5	30	0	2	50140001	120	0	12	1	1	75000	0	1	2	90	0	1	5	40	0	2	50140001	180	0
10135	第135章 精英假装	t_map_name_10135	波波利	t_map_boss_name_5	bsx_lbli	135000	134000	205	t_map_image_text_5	4	1	1	50000	0	1	2	30	0	1	5	20	0	2	50140001	60	0	8	1	1	75000	0	1	2	60	0	1	5	30	0	2	50140001	120	0	12	1	1	75000	0	1	2	90	0	1	5	40	0	2	50140001	180	0
10136	第136章 精英迷雾	t_map_name_10136	zero	t_map_boss_name_6	bsx_zero	136000	135000	206	t_map_image_text_6	4	1	1	50000	0	1	2	30	0	1	5	20	0	2	50140001	60	0	8	1	1	75000	0	1	2	60	0	1	5	30	0	2	50140001	120	0	12	1	1	75000	0	1	2	90	0	1	5	40	0	2	50140001	180	0
10137	第137章 精英核实	t_map_name_10137	火女	t_map_boss_name_18	bsx_bzhw	137000	136000	404	t_map_image_text_18	4	1	1	50000	0	1	2	30	0	1	5	20	0	2	50140001	60	0	8	1	1	75000	0	1	2	60	0	1	5	30	0	2	50140001	120	0	12	1	1	75000	0	1	2	90	0	1	5	40	0	2	50140001	180	0
10138	第138章 精英演员	t_map_name_10138	妖妄之梦	t_map_boss_name_7	bsx_yme	138000	137000	207	t_map_image_text_7	4	1	1	50000	0	1	2	30	0	1	5	20	0	2	50140001	60	0	8	1	1	75000	0	1	2	60	0	1	5	30	0	2	50140001	120	0	12	1	1	75000	0	1	2	90	0	1	5	40	0	2	50140001	180	0
10139	第139章 精英迷踪	t_map_name_10139	幽灵公主	t_map_boss_name_8	bsx_yyz	139000	138000	208	t_map_image_text_8	4	1	1	50000	0	1	2	30	0	1	5	20	0	2	50140001	60	0	8	1	1	75000	0	1	2	60	0	1	5	30	0	2	50140001	120	0	12	1	1	75000	0	1	2	90	0	1	5	40	0	2	50140001	180	0
10140	第140章 精英找寻	t_map_name_10140	红白	t_map_boss_name_9	bsx_bllm	140000	139000	209	t_map_image_text_9	4	1	1	50000	0	1	2	30	0	1	5	20	0	2	50140001	60	0	8	1	1	75000	0	1	2	60	0	1	5	30	0	2	50140001	120	0	12	1	1	75000	0	1	2	90	0	1	5	40	0	2	50140001	180	0
10141	第141章 精英承受力	t_map_name_10141	C.C	t_map_boss_name_10	bsx_cc	141000	140000	211	t_map_image_text_10	4	1	1	50000	0	1	2	30	0	1	5	20	0	2	50140001	60	0	8	1	1	75000	0	1	2	60	0	1	5	30	0	2	50140001	120	0	12	1	1	75000	0	1	2	90	0	1	5	40	0	2	50140001	180	0
10142	第142章 精英小吉他	t_map_name_10142	初音战士	t_map_boss_name_11	bsx_chuyin	142000	141000	212	t_map_image_text_11	4	1	1	50000	0	1	2	30	0	1	5	20	0	2	50140001	60	0	8	1	1	75000	0	1	2	60	0	1	5	30	0	2	50140001	120	0	12	1	1	75000	0	1	2	90	0	1	5	40	0	2	50140001	180	0
10143	第143章 精英醋意	t_map_name_10143	狂姗	t_map_boss_name_23	bsx_sqks	143000	142000	501	t_map_image_text_23	4	1	1	50000	0	1	2	30	0	1	5	20	0	2	50140001	60	0	8	1	1	75000	0	1	2	60	0	1	5	30	0	2	50140001	120	0	12	1	1	75000	0	1	2	90	0	1	5	40	0	2	50140001	180	0
10144	第144章 精英证明	t_map_name_10144	斗人	t_map_boss_name_2	bsx_dren	144000	143000	202	t_map_image_text_2	4	1	1	50000	0	1	2	30	0	1	5	20	0	2	50140001	60	0	8	1	1	75000	0	1	2	60	0	1	5	30	0	2	50140001	120	0	12	1	1	75000	0	1	2	90	0	1	5	40	0	2	50140001	180	0
10145	第145章 精英翻版	t_map_name_10145	炮姐	t_map_boss_name_3	bsx_ybmq	145000	144000	203	t_map_image_text_3	4	1	1	50000	0	1	2	30	0	1	5	20	0	2	50140001	60	0	8	1	1	75000	0	1	2	60	0	1	5	30	0	2	50140001	120	0	12	1	1	75000	0	1	2	90	0	1	5	40	0	2	50140001	180	0
