INT	STRING	STRING	INT	INT	FLOAT	FLOAT	FLOAT	FLOAT	FLOAT	FLOAT	FLOAT	FLOAT	FLOAT	FLOAT	INT	INT	INT	INT	INT	INT	INT	INT	INT
品质	name	代号	下一级品质	伙伴等级需求	基础生命	基础攻击	基础物防	基础魔防	基础先攻	生命成长	攻击成长	物防成长	魔防成长	先攻成长	color	主动技能加值	被动技能加值	伙伴升品石	战魂	红色伙伴之力	碎片	金币	水晶 1绿色 2蓝色 3红色
100	1品	t_role_shengpin_100	200	1	1	1	1	1	1	1	1	1	1	1	1	0	0						1
200	2品	t_role_shengpin_200	300	1	1	1	1	1	1	1	1	1	1	1	1	0	0						1
300	3品	t_role_shengpin_300	400	1	1	1	1	1	1	1	1	1	1	1	1	0	0						1
400	4品	t_role_shengpin_400	500	1	1	1	1	1	1	1	1	1	1	1	2	0	0						1
500	5品	t_role_shengpin_500	600	1	1	1	1	1	1	1	1	1	1	1	2	0	0						1
600	6品	t_role_shengpin_600	700	1	1	1	1	1	1	1	1	1	1	1	2	0	0						1
700	7品	t_role_shengpin_700	800	1	1	1	1	1	1	1	1	1	1	1	3	0	0						1
800	8品	t_role_shengpin_800	900	1	1	1	1	1	1	1	1	1	1	1	3	0	0						1
900	9品	t_role_shengpin_900	1000	1	1	1	1	1	1	1	1	1	1	1	3	0	0						1
1000	10品	t_role_shengpin_1000	1001	1	1	1	1	1	1	1	1	1	1	1	4	0	0						1
1001	10品1级	t_role_shengpin_1001	1100	70	1.1	1.1	1.1	1.1	1.1	1	1	1	1	1	4	0	0	1	500	10		800000	1
1100	11品	t_role_shengpin_1100	1101	70	1.25	1.25	1.25	1.25	1.25	1.25	1.25	1.25	1.25	1.25	4	0	0	1			20	1200000	1
1101	11品1级	t_role_shengpin_1101	1200	70	1.35	1.35	1.35	1.35	1.35	1.25	1.25	1.25	1.25	1.25	4	0	0	1	1000	20		1200000	1
1200	12品	t_role_shengpin_1200	1201	70	1.5	1.5	1.5	1.5	1.5	1.5	1.5	1.5	1.5	1.5	4	0	0	2			40	2400000	1
1201	12品1级	t_role_shengpin_1201	1300	70	1.8	1.8	1.8	1.8	1.8	1.5	1.5	1.5	1.5	1.5	4	0	0	2	2000	40		2400000	1
1300	13品	t_role_shengpin_1300	1301	70	2.2	2.2	2.2	2.2	2.2	1.75	1.75	1.75	1.75	1.75	5	0	1	3			80	4000000	3
1301	13品1级	t_role_shengpin_1301	1302	70	2.68	2.2	2.2	2.2	2.2	1.75	1.75	1.75	1.75	1.75	5	0	1	8	4000			4000000	1
1302	13品2级	t_role_shengpin_1302	1303	70	2.68	2.68	2.2	2.2	2.2	1.75	1.75	1.75	1.75	1.75	5	0	1	8		50		4000000	1
1303	13品3级	t_role_shengpin_1303	1304	70	2.68	2.68	2.68	2.2	2.2	1.75	1.75	1.75	1.75	1.75	5	0	1	8			120	8000000	1
1304	13品4级	t_role_shengpin_1304	1305	70	2.68	2.68	2.68	2.68	2.2	1.75	1.75	1.75	1.75	1.75	5	0	1	8	5000			8000000	1
1305	13品5级	t_role_shengpin_1305	1400	70	2.68	2.68	2.68	2.68	2.68	1.75	1.75	1.75	1.75	1.75	5	0	1	8		60		8000000	1
1400	14品	t_role_shengpin_1400	1401	70	2.8	2.8	2.8	2.8	2.8	2	2	2	2	2	5	1	2	25			240	8000000	2
1401	14品1级	t_role_shengpin_1401	1402	80	3.44	2.8	2.8	2.8	2.8	2	2	2	2	2	5	1	2	10	6000			9000000	1
1402	14品2级	t_role_shengpin_1402	1403	80	3.44	3.44	2.8	2.8	2.8	2	2	2	2	2	5	1	2	10		70		9000000	1
1403	14品3级	t_role_shengpin_1403	1404	80	3.44	3.44	3.44	2.8	2.8	2	2	2	2	2	5	1	2	10			160	9000000	1
1404	14品4级	t_role_shengpin_1404	1405	80	3.44	3.44	3.44	3.44	2.8	2	2	2	2	2	5	1	2	10	7000			10000000	1
1405	14品5级	t_role_shengpin_1405	1500	80	3.44	3.44	3.44	3.44	3.44	2	2	2	2	2	5	1	2	10		80		10000000	1
1500	15品	t_role_shengpin_1500	1501	80	3.6	3.6	3.6	3.6	3.6	2.25	2.25	2.25	2.25	2.25	5	1	3	30			320	10000000	2
1501	15品1级	t_role_shengpin_1501	1502	90	4.4	3.6	3.6	3.6	3.6	2.25	2.25	2.25	2.25	2.25	5	1	3	12	8000			11000000	1
1502	15品2级	t_role_shengpin_1502	1503	90	4.4	4.4	3.6	3.6	3.6	2.25	2.25	2.25	2.25	2.25	5	1	3	12		90		11000000	1
1503	15品3级	t_role_shengpin_1503	1504	90	4.4	4.4	4.4	3.6	3.6	2.25	2.25	2.25	2.25	2.25	5	1	3	12			200	11000000	1
1504	15品4级	t_role_shengpin_1504	1505	90	4.4	4.4	4.4	4.4	3.6	2.25	2.25	2.25	2.25	2.25	5	1	3	12	9000			12000000	1
1505	15品5级	t_role_shengpin_1505	1600	90	4.4	4.4	4.4	4.4	4.4	2.25	2.25	2.25	2.25	2.25	5	1	3	12		100		12000000	1
1600	16品	t_role_shengpin_1600	1601	90	4.6	4.6	4.6	4.6	4.6	2.5	2.5	2.5	2.5	2.5	5	1	3	35			400	12000000	1
1601	16品1级	t_role_shengpin_1601	1602	100	5.56	4.6	4.6	4.6	4.6	2.5	2.5	2.5	2.5	2.5	5	1	4	14	10000			13000000	2
1602	16品2级	t_role_shengpin_1602	1603	100	5.56	5.56	4.6	4.6	4.6	2.5	2.5	2.5	2.5	2.5	5	1	4	14		110		13000000	1
1603	16品3级	t_role_shengpin_1603	1604	100	5.56	5.56	5.56	4.6	4.6	2.5	2.5	2.5	2.5	2.5	5	1	4	14			240	13000000	1
1604	16品4级	t_role_shengpin_1604	1605	100	5.56	5.56	5.56	5.56	4.6	2.5	2.5	2.5	2.5	2.5	5	1	4	14	11000			14000000	1
1605	16品5级	t_role_shengpin_1605	1700	100	5.56	5.56	5.56	5.56	5.56	2.5	2.5	2.5	2.5	2.5	5	1	4	14		120		14000000	1
1700	17品	t_role_shengpin_1700	1701	100	5.8	5.8	5.8	5.8	5.8	2.75	2.75	2.75	2.75	2.75	6	1	5	40			480	14000000	3
1701	17品1级	t_role_shengpin_1701	1702	110	6.92	5.8	5.8	5.8	5.8	2.75	2.75	2.75	2.75	2.75	6	1	5	16	12000			15000000	1
1702	17品2级	t_role_shengpin_1702	1703	110	6.92	6.92	5.8	5.8	5.8	2.75	2.75	2.75	2.75	2.75	6	1	5	16		130		15000000	1
1703	17品3级	t_role_shengpin_1703	1704	110	6.92	6.92	6.92	5.8	5.8	2.75	2.75	2.75	2.75	2.75	6	1	5	16			280	15000000	1
1704	17品4级	t_role_shengpin_1704	1705	110	6.92	6.92	6.92	6.92	5.8	2.75	2.75	2.75	2.75	2.75	6	1	5	16	13000			16000000	1
1705	17品5级	t_role_shengpin_1705	1800	110	6.92	6.92	6.92	6.92	6.92	2.75	2.75	2.75	2.75	2.75	6	1	5	16		140		16000000	1
1800	18品	t_role_shengpin_1800	1801	110	7.2	7.2	7.2	7.2	7.2	3	3	3	3	3	6	2	6	18			560	16000000	2
1801	18品1级	t_role_shengpin_1801	1802	130	9.28	7.2	7.2	7.2	7.2	3	3	3	3	3	6	2	6	18	14000			17000000	1
1802	18品2级	t_role_shengpin_1802	1803	130	9.28	9.28	7.2	7.2	7.2	3	3	3	3	3	6	2	6	18		150		17000000	1
1803	18品3级	t_role_shengpin_1803	1804	130	9.28	9.28	9.28	7.2	7.2	3	3	3	3	3	6	2	6	18			320	17000000	1
1804	18品4级	t_role_shengpin_1804	1805	130	9.28	9.28	9.28	9.28	7.2	3	3	3	3	3	6	2	6	18	15000			18000000	1
1805	18品5级	t_role_shengpin_1805	1900	130	9.28	9.28	9.28	9.28	9.28	3	3	3	3	3	6	2	6	18		160		18000000	1
1900	19品	t_role_shengpin_1900	1901	130	9.8	9.8	9.8	9.8	9.8	3.25	3.25	3.25	3.25	3.25	6	2	7	45			640	18000000	2
1901	19品1级	t_role_shengpin_1901	1902	150	11.24	9.8	9.8	9.8	9.8	3.25	3.25	3.25	3.25	3.25	6	2	7	20	16000			19000000	1
1902	19品2级	t_role_shengpin_1902	1903	150	11.24	11.24	9.8	9.8	9.8	3.25	3.25	3.25	3.25	3.25	6	2	7	20		170		19000000	1
1903	19品3级	t_role_shengpin_1903	1904	150	11.24	11.24	11.24	9.8	9.8	3.25	3.25	3.25	3.25	3.25	6	2	7	20			360	19000000	1
1904	19品4级	t_role_shengpin_1904	1905	150	11.24	11.24	11.24	11.24	9.8	3.25	3.25	3.25	3.25	3.25	6	2	7	20	17000			20000000	1
1905	19品5级	t_role_shengpin_1905	2000	150	11.24	11.24	11.24	11.24	11.24	3.25	3.25	3.25	3.25	3.25	6	2	7	20		180		20000000	1
2000	20品	t_role_shengpin_2000	0	150	11.6	11.6	11.6	11.6	11.6	3.5	3.5	3.5	3.5	3.5	6	2	8	50			720	20000000	2
