INT	INT	INT	INT	INT	INT	INT	INT	INT	INT	INT	INT	INT	INT	INT	INT	INT	INT	INT	INT	INT	INT	INT
次数	点金	扩充	副本购买	重置星河秘境	刷新援救伙伴	军团副本购买	原力药剂	体力药水	能量药水	金色装备箱	金色饰品箱	魔王邀请函	改名	猎人大会购买	决战冰原购买	探宝次数	幸运转盘	豪华转盘	太空漫游	大师联赛	九宫魔方	军团战
1	5	50	20	50	20	10	20	10	10	30	30	5	200	20	100	5	10	100	20	40	26	200
2	10	100	30	100	20	20	20	10	10	40	40	5	400	20	250	5	10	100	20	40	26	400
3	20	200	50	200	20	30	40	10	10	50	50	5	800	30	400	5	10	100	20	60	26	600
4	20	400	100	300	20	30	40	20	20	60	60	5	1600	30	600	5	10	100	20	60	26	800
5	20	800	200	400	20	40	60	20	20	80	80	5	3200	30	700	5	10	100	20	60	26	1000
6	40	800	300	500	40	40	60	20	20	100	100	10	3200	50	800	5	10	100	20	100	26	1200
7	40	800	400	600	40	50	80	30	30	120	120	10	3200	50	900	5	10	100	20	100	26	1400
8	40	800	400	700	40	50	80	30	30	150	150	10	3200	50	1000	5	10	100	20	100	26	1600
9	40	800	400	800	40	60	120	30	30	150	150	10	3200	50	1000	5	10	100	20	100	26	1800
10	40	800	400	400	40	60	120	30	30	150	150	10	3200	50	1000	5	10	100	20	100	53	2000
11	60	800	400	400	40	70	160	40	40	180	180	20	3200	80	1000	5	10	150	20	160	53	2200
12	60	800	400	400	60	70	160	40	40	180	180	20	3200	80	1000	5	10	150	20	160	53	2400
13	60	800	400	400	60	80	160	40	40	180	180	20	3200	80	1000	5	10	150	20	160	53	2600
14	60	800	400	400	60	80	160	40	40	210	210	20	3200	80	1000	5	10	150	20	160	53	2800
15	60	800	400	400	60	90	160	40	40	210	210	20	3200	80	1000	5	10	150	20	160	53	3000
16	60	800	400	400	80	90	160	50	50	210	210	20	3200	100	1000	5	10	150	20	200	53	3200
17	80	800	400	400	80	100	160	50	50	240	240	20	3200	100	1000	5	10	150	20	200	53	3400
18	80	800	400	400	80	100	160	50	50	240	240	20	3200	100	1000	5	10	150	20	200	53	3600
19	80	800	400	400	80	110	160	50	50	240	240	20	3200	100	1000	5	10	150	20	200	53	3800
20	80	800	400	400	80	110	160	50	50	270	240	20	3200	100	1000	5	10	150	20	200	53	4000
21	80	800	400	400	100	120	160	80	80	270	240	30	3200	100	1000	10	10	200	20	200	53	4200
22	80	800	400	400	100	120	160	80	80	270	240	30	3200	100	1000	10	10	200	20	200	53	4400
23	120	800	400	400	100	130	160	80	80	300	240	30	3200	100	1000	10	10	200	20	200	53	4600
24	120	800	400	400	100	130	160	80	80	300	240	30	3200	100	1000	10	10	200	20	200	53	4800
25	120	800	400	400	100	140	160	80	80	300	240	30	3200	100	1000	10	10	200	20	200	53	5000
26	120	800	400	400	100	140	160	100	100	300	240	30	3200	150	1000	10	10	200	20	300	53	5200
27	120	800	400	400	100	150	160	100	100	300	240	30	3200	150	1000	10	10	200	20	300	53	5400
28	120	800	400	400	100	150	160	100	100	300	240	30	3200	150	1000	10	10	200	20	300	63	5600
29	120	800	400	400	100	160	160	100	100	300	240	30	3200	150	1000	10	10	200	20	300	63	5800
30	120	800	400	400	100	160	160	100	100	300	240	30	3200	150	1000	10	10	200	20	300	63	6000
31	160	800	400	400	120	170	160	120	120	300	240	40	3200	150	1000	10	10	250	20	300	63	6200
32	160	800	400	400	120	170	160	120	120	300	240	40	3200	150	1000	10	10	250	20	300	63	6400
33	160	800	400	400	120	180	160	120	120	300	240	40	3200	150	1000	10	10	250	20	300	63	6600
34	160	800	400	400	120	180	160	120	120	300	240	40	3200	150	1000	10	10	250	20	300	63	6800
35	160	800	400	400	120	190	160	120	120	300	240	40	3200	150	1000	10	10	250	20	300	63	7000
36	160	800	400	400	120	190	200	150	150	300	240	40	3200	200	1000	10	10	250	20	400	63	7200
37	160	800	400	400	120	200	200	150	150	300	240	40	3200	200	1000	10	10	250	20	400	80	7400
38	160	800	400	400	120	200	200	150	150	300	240	40	3200	200	1000	10	10	250	20	400	80	7600
39	160	800	400	400	120	210	200	150	150	300	240	40	3200	200	1000	10	10	250	20	400	80	7800
40	200	800	400	400	120	210	200	150	150	350	300	40	3200	200	1000	10	10	250	20	400	80	8000
41	200	800	400	400	140	220	200	200	200	350	300	50	3200	200	1000	10	10	250	20	400	80	8200
42	200	800	400	400	140	220	200	200	200	350	300	50	3200	200	1000	10	10	250	20	400	80	8400
43	200	800	400	400	140	230	200	200	200	350	300	50	3200	200	1000	10	10	250	20	400	80	8600
44	200	800	400	400	140	230	200	200	200	350	300	50	3200	200	1000	10	10	250	20	400	80	8800
45	200	800	400	400	140	240	200	200	200	350	300	50	3200	200	1000	10	10	250	20	400	80	9000
46	200	800	400	400	140	240	200	250	250	350	300	50	3200	250	1000	10	10	250	20	500	80	9200
47	200	800	400	400	140	250	200	250	250	350	300	50	3200	250	1000	10	10	250	20	500	80	9400
48	200	800	400	400	140	250	200	250	250	350	300	50	3200	250	1000	10	10	250	20	500	80	9600
49	200	800	400	400	140	260	200	250	250	350	300	50	3200	250	1000	10	10	250	20	500	80	9800
50	200	800	400	400	140	260	200	250	250	350	300	50	3200	250	1000	10	10	250	20	500	80	10000
51	200	800	400	400	160	270	250	300	300	400	350	60	3200	250	1000	10	10	250	20	500	80	10200
52	200	800	400	400	160	270	250	300	300	400	350	60	3200	250	1000	10	10	250	20	500	80	10400
53	200	800	400	400	160	280	250	300	300	400	350	60	3200	250	1000	10	10	250	20	500	80	10600
54	200	800	400	400	160	280	250	300	300	400	350	60	3200	250	1000	10	10	250	20	500	80	10800
55	200	800	400	400	160	290	250	300	300	400	350	60	3200	250	1000	10	10	250	20	500	86	11000
56	200	800	400	400	160	290	250	300	300	400	350	60	3200	300	1000	10	10	250	20	600	86	11200
57	200	800	400	400	160	300	250	300	300	400	350	60	3200	300	1000	10	10	250	20	600	86	11400
58	200	800	400	400	160	300	250	300	300	400	350	60	3200	300	1000	10	10	250	20	600	86	11600
59	200	800	400	400	160	300	250	300	300	400	350	60	3200	300	1000	10	10	250	20	600	86	11800
60	200	800	400	400	160	300	250	300	300	400	350	60	3200	300	1000	10	10	250	20	600	86	12000
61	200	800	400	400	160	300	250	300	300	400	350	70	3200	300	1000	10	10	250	20	600	86	12200
62	200	800	400	400	160	300	250	300	300	400	350	70	3200	300	1000	10	10	250	20	600	86	12400
63	200	800	400	400	160	300	250	300	300	400	350	70	3200	300	1000	10	10	250	20	600	86	12600
64	200	800	400	400	160	300	250	300	300	400	350	70	3200	300	1000	10	10	250	20	600	106	12800
65	200	800	400	400	160	300	250	300	300	400	350	70	3200	300	1000	10	10	250	20	600	106	13000
66	200	800	400	400	160	300	250	300	300	400	350	70	3200	300	1000	10	10	250	20	600	106	13200
67	200	800	400	400	160	300	250	300	300	400	350	70	3200	300	1000	10	10	250	20	600	106	13400
68	200	800	400	400	160	300	250	300	300	400	350	70	3200	300	1000	10	10	250	20	600	106	13600
69	200	800	400	400	160	300	250	300	300	400	350	70	3200	300	1000	10	10	250	20	600	106	13800
70	200	800	400	400	160	300	250	300	300	400	350	70	3200	300	1000	10	10	250	20	600	106	14000
71	200	800	400	400	160	300	250	300	300	400	350	80	3200	300	1000	10	10	250	20	600	106	14200
72	200	800	400	400	160	300	250	300	300	400	350	80	3200	300	1000	10	10	250	20	600	106	14400
73	200	800	400	400	160	300	250	300	300	400	350	80	3200	300	1000	10	10	250	20	600	106	14600
74	200	800	400	400	160	300	250	300	300	400	350	80	3200	300	1000	10	10	250	20	600	106	14800
75	200	800	400	400	160	300	250	300	300	400	350	80	3200	300	1000	10	10	250	20	600	106	15000
76	200	800	400	400	160	300	250	300	300	400	350	80	3200	300	1000	10	10	250	20	600	106	15200
77	200	800	400	400	160	300	250	300	300	400	350	80	3200	300	1000	10	10	250	20	600	106	15400
78	200	800	400	400	160	300	250	300	300	400	350	80	3200	300	1000	10	10	250	20	600	106	15600
79	200	800	400	400	160	300	250	300	300	400	350	80	3200	300	1000	10	10	250	20	600	106	15800
80	200	800	400	400	160	300	250	300	300	400	350	80	3200	300	1000	10	10	250	20	600	106	16000
81	200	800	400	400	160	300	250	300	300	400	350	90	3200	300	1000	10	10	250	20	600	106	16200
82	200	800	400	400	160	300	250	300	300	400	350	90	3200	300	1000	10	10	250	20	600	113	16400
83	200	800	400	400	160	300	250	300	300	400	350	90	3200	300	1000	10	10	250	20	600	113	16600
84	200	800	400	400	160	300	250	300	300	400	350	90	3200	300	1000	10	10	250	20	600	113	16800
85	200	800	400	400	160	300	250	300	300	400	350	90	3200	300	1000	10	10	250	20	600	113	17000
86	200	800	400	400	160	300	250	300	300	400	350	90	3200	300	1000	10	10	250	20	600	113	17200
87	200	800	400	400	160	300	250	300	300	400	350	90	3200	300	1000	10	10	250	20	600	113	17400
88	200	800	400	400	160	300	250	300	300	400	350	90	3200	300	1000	10	10	250	20	600	113	17600
89	200	800	400	400	160	300	250	300	300	400	350	90	3200	300	1000	10	10	250	20	600	113	17800
90	200	800	400	400	160	300	250	300	300	400	350	90	3200	300	1000	10	10	250	20	600	113	18000
91	200	800	400	400	160	300	250	300	300	400	350	100	3200	300	1000	10	10	250	20	600	123	18200
92	200	800	400	400	160	300	250	300	300	400	350	100	3200	300	1000	10	10	250	20	600	123	18400
93	200	800	400	400	160	300	250	300	300	400	350	100	3200	300	1000	10	10	250	20	600	123	18600
94	200	800	400	400	160	300	250	300	300	400	350	100	3200	300	1000	10	10	250	20	600	123	18800
95	200	800	400	400	160	300	250	300	300	400	350	100	3200	300	1000	10	10	250	20	600	123	19000
96	200	800	400	400	160	300	250	300	300	400	350	100	3200	300	1000	10	10	250	20	600	123	19200
97	200	800	400	400	160	300	250	300	300	400	350	100	3200	300	1000	10	10	250	20	600	123	19400
98	200	800	400	400	160	300	250	300	300	400	350	100	3200	300	1000	10	10	250	20	600	123	19600
99	200	800	400	400	160	300	250	300	300	400	350	100	3200	300	1000	10	10	250	20	600	123	19800
100	200	800	400	400	160	300	250	300	300	400	350	100	3200	300	1000	10	10	250	20	600	123	20000
101	200	800	400	400	160	300	250	300	300	400	350	100	3200	300	1000	10	15	250	20	600	123	20200
102	200	800	400	400	160	300	250	300	300	400	350	100	3200	300	1000	10	15	250	20	600	123	20400
103	200	800	400	400	160	300	250	300	300	400	350	100	3200	300	1000	10	15	250	20	600	123	20600
104	200	800	400	400	160	300	250	300	300	400	350	100	3200	300	1000	10	15	250	20	600	123	20800
105	200	800	400	400	160	300	250	300	300	400	350	100	3200	300	1000	10	15	250	20	600	123	21000
106	200	800	400	400	160	300	250	300	300	400	350	100	3200	300	1000	10	15	250	20	600	123	21200
107	200	800	400	400	160	300	250	300	300	400	350	100	3200	300	1000	10	15	250	20	600	123	21400
108	200	800	400	400	160	300	250	300	300	400	350	100	3200	300	1000	10	15	250	20	600	123	21600
109	200	800	400	400	160	300	250	300	300	400	350	100	3200	300	1000	10	15	250	20	600	123	21800
110	200	800	400	400	160	300	250	300	300	400	350	100	3200	300	1000	10	15	250	20	600	123	22000
111	200	800	400	400	160	300	250	300	300	400	350	100	3200	300	1000	10	15	250	20	600	123	22200
112	200	800	400	400	160	300	250	300	300	400	350	100	3200	300	1000	10	15	250	20	600	123	22400
113	200	800	400	400	160	300	250	300	300	400	350	100	3200	300	1000	10	15	250	20	600	123	22600
114	200	800	400	400	160	300	250	300	300	400	350	100	3200	300	1000	10	15	250	20	600	123	22800
115	200	800	400	400	160	300	250	300	300	400	350	100	3200	300	1000	10	15	250	20	600	123	23000
116	200	800	400	400	160	300	250	300	300	400	350	100	3200	300	1000	10	15	250	20	600	123	23200
117	200	800	400	400	160	300	250	300	300	400	350	100	3200	300	1000	10	15	250	20	600	123	23400
118	200	800	400	400	160	300	250	300	300	400	350	100	3200	300	1000	10	15	250	20	600	123	23600
119	200	800	400	400	160	300	250	300	300	400	350	100	3200	300	1000	10	15	250	20	600	123	23800
120	200	800	400	400	160	300	250	300	300	400	350	100	3200	300	1000	10	15	250	20	600	123	24000
121	200	800	400	400	160	300	250	300	300	400	350	100	3200	300	1000	10	15	250	20	600	123	24200
122	200	800	400	400	160	300	250	300	300	400	350	100	3200	300	1000	10	15	250	20	600	123	24400
123	200	800	400	400	160	300	250	300	300	400	350	100	3200	300	1000	10	15	250	20	600	123	24600
124	200	800	400	400	160	300	250	300	300	400	350	100	3200	300	1000	10	15	250	20	600	123	24800
125	200	800	400	400	160	300	250	300	300	400	350	100	3200	300	1000	10	15	250	20	600	123	25000
126	200	800	400	400	160	300	250	300	300	400	350	100	3200	300	1000	10	15	250	20	600	123	25200
127	200	800	400	400	160	300	250	300	300	400	350	100	3200	300	1000	10	15	250	20	600	123	25400
128	200	800	400	400	160	300	250	300	300	400	350	100	3200	300	1000	10	15	250	20	600	123	25600
129	200	800	400	400	160	300	250	300	300	400	350	100	3200	300	1000	10	15	250	20	600	123	25800
130	200	800	400	400	160	300	250	300	300	400	350	100	3200	300	1000	10	15	250	20	600	123	26000
131	200	800	400	400	160	300	250	300	300	400	350	100	3200	300	1000	10	15	250	20	600	123	26200
132	200	800	400	400	160	300	250	300	300	400	350	100	3200	300	1000	10	15	250	20	600	123	26400
133	200	800	400	400	160	300	250	300	300	400	350	100	3200	300	1000	10	15	250	20	600	123	26600
134	200	800	400	400	160	300	250	300	300	400	350	100	3200	300	1000	10	15	250	20	600	123	26800
135	200	800	400	400	160	300	250	300	300	400	350	100	3200	300	1000	10	15	250	20	600	123	27000
136	200	800	400	400	160	300	250	300	300	400	350	100	3200	300	1000	10	15	250	20	600	123	27200
137	200	800	400	400	160	300	250	300	300	400	350	100	3200	300	1000	10	15	250	20	600	123	27400
138	200	800	400	400	160	300	250	300	300	400	350	100	3200	300	1000	10	15	250	20	600	123	27600
139	200	800	400	400	160	300	250	300	300	400	350	100	3200	300	1000	10	15	250	20	600	123	27800
140	200	800	400	400	160	300	250	300	300	400	350	100	3200	300	1000	10	15	250	20	600	123	28000
141	200	800	400	400	160	300	250	300	300	400	350	100	3200	300	1000	10	15	250	20	600	123	28200
142	200	800	400	400	160	300	250	300	300	400	350	100	3200	300	1000	10	15	250	20	600	123	28400
143	200	800	400	400	160	300	250	300	300	400	350	100	3200	300	1000	10	15	250	20	600	123	28600
144	200	800	400	400	160	300	250	300	300	400	350	100	3200	300	1000	10	15	250	20	600	123	28800
145	200	800	400	400	160	300	250	300	300	400	350	100	3200	300	1000	10	15	250	20	600	123	29000
146	200	800	400	400	160	300	250	300	300	400	350	100	3200	300	1000	10	15	250	20	600	123	29200
147	200	800	400	400	160	300	250	300	300	400	350	100	3200	300	1000	10	15	250	20	600	123	29400
148	200	800	400	400	160	300	250	300	300	400	350	100	3200	300	1000	10	15	250	20	600	123	29600
149	200	800	400	400	160	300	250	300	300	400	350	100	3200	300	1000	10	15	250	20	600	123	29800
150	200	800	400	400	160	300	250	300	300	400	350	100	3200	300	1000	10	15	250	20	600	123	30000
151	200	800	400	400	160	300	250	300	300	400	350	100	3200	300	1000	10	15	250	20	600	123	30200
152	200	800	400	400	160	300	250	300	300	400	350	100	3200	300	1000	10	15	250	20	600	123	30400
153	200	800	400	400	160	300	250	300	300	400	350	100	3200	300	1000	10	15	250	20	600	123	30600
154	200	800	400	400	160	300	250	300	300	400	350	100	3200	300	1000	10	15	250	20	600	123	30800
155	200	800	400	400	160	300	250	300	300	400	350	100	3200	300	1000	10	15	250	20	600	123	31000
156	200	800	400	400	160	300	250	300	300	400	350	100	3200	300	1000	10	15	250	20	600	123	31200
157	200	800	400	400	160	300	250	300	300	400	350	100	3200	300	1000	10	15	250	20	600	123	31400
158	200	800	400	400	160	300	250	300	300	400	350	100	3200	300	1000	10	15	250	20	600	123	31600
159	200	800	400	400	160	300	250	300	300	400	350	100	3200	300	1000	10	15	250	20	600	123	31800
160	200	800	400	400	160	300	250	300	300	400	350	100	3200	300	1000	10	15	250	20	600	123	32000
161	200	800	400	400	160	300	250	300	300	400	350	100	3200	300	1000	10	15	250	20	600	123	32200
162	200	800	400	400	160	300	250	300	300	400	350	100	3200	300	1000	10	15	250	20	600	123	32400
163	200	800	400	400	160	300	250	300	300	400	350	100	3200	300	1000	10	15	250	20	600	123	32600
164	200	800	400	400	160	300	250	300	300	400	350	100	3200	300	1000	10	15	250	20	600	123	32800
165	200	800	400	400	160	300	250	300	300	400	350	100	3200	300	1000	10	15	250	20	600	123	33000
166	200	800	400	400	160	300	250	300	300	400	350	100	3200	300	1000	10	15	250	20	600	123	33200
167	200	800	400	400	160	300	250	300	300	400	350	100	3200	300	1000	10	15	250	20	600	123	33400
168	200	800	400	400	160	300	250	300	300	400	350	100	3200	300	1000	10	15	250	20	600	123	33600
169	200	800	400	400	160	300	250	300	300	400	350	100	3200	300	1000	10	15	250	20	600	123	33800
170	200	800	400	400	160	300	250	300	300	400	350	100	3200	300	1000	10	15	250	20	600	123	34000
171	200	800	400	400	160	300	250	300	300	400	350	100	3200	300	1000	10	15	250	20	600	123	34200
172	200	800	400	400	160	300	250	300	300	400	350	100	3200	300	1000	10	15	250	20	600	123	34400
173	200	800	400	400	160	300	250	300	300	400	350	100	3200	300	1000	10	15	250	20	600	123	34600
174	200	800	400	400	160	300	250	300	300	400	350	100	3200	300	1000	10	15	250	20	600	123	34800
175	200	800	400	400	160	300	250	300	300	400	350	100	3200	300	1000	10	15	250	20	600	123	35000
176	200	800	400	400	160	300	250	300	300	400	350	100	3200	300	1000	10	15	250	20	600	123	35200
177	200	800	400	400	160	300	250	300	300	400	350	100	3200	300	1000	10	15	250	20	600	123	35400
178	200	800	400	400	160	300	250	300	300	400	350	100	3200	300	1000	10	15	250	20	600	123	35600
179	200	800	400	400	160	300	250	300	300	400	350	100	3200	300	1000	10	15	250	20	600	123	35800
180	200	800	400	400	160	300	250	300	300	400	350	100	3200	300	1000	10	15	250	20	600	123	36000
181	200	800	400	400	160	300	250	300	300	400	350	100	3200	300	1000	10	15	250	20	600	123	36200
182	200	800	400	400	160	300	250	300	300	400	350	100	3200	300	1000	10	15	250	20	600	123	36400
183	200	800	400	400	160	300	250	300	300	400	350	100	3200	300	1000	10	15	250	20	600	123	36600
184	200	800	400	400	160	300	250	300	300	400	350	100	3200	300	1000	10	15	250	20	600	123	36800
185	200	800	400	400	160	300	250	300	300	400	350	100	3200	300	1000	10	15	250	20	600	123	37000
186	200	800	400	400	160	300	250	300	300	400	350	100	3200	300	1000	10	15	250	20	600	123	37200
187	200	800	400	400	160	300	250	300	300	400	350	100	3200	300	1000	10	15	250	20	600	123	37400
188	200	800	400	400	160	300	250	300	300	400	350	100	3200	300	1000	10	15	250	20	600	123	37600
189	200	800	400	400	160	300	250	300	300	400	350	100	3200	300	1000	10	15	250	20	600	123	37800
190	200	800	400	400	160	300	250	300	300	400	350	100	3200	300	1000	10	15	250	20	600	123	38000
191	200	800	400	400	160	300	250	300	300	400	350	100	3200	300	1000	10	15	250	20	600	123	38200
192	200	800	400	400	160	300	250	300	300	400	350	100	3200	300	1000	10	15	250	20	600	123	38400
193	200	800	400	400	160	300	250	300	300	400	350	100	3200	300	1000	10	15	250	20	600	123	38600
194	200	800	400	400	160	300	250	300	300	400	350	100	3200	300	1000	10	15	250	20	600	123	38800
195	200	800	400	400	160	300	250	300	300	400	350	100	3200	300	1000	10	15	250	20	600	123	39000
196	200	800	400	400	160	300	250	300	300	400	350	100	3200	300	1000	10	15	250	20	600	123	39200
197	200	800	400	400	160	300	250	300	300	400	350	100	3200	300	1000	10	15	250	20	600	123	39400
198	200	800	400	400	160	300	250	300	300	400	350	100	3200	300	1000	10	15	250	20	600	123	39600
199	200	800	400	400	160	300	250	300	300	400	350	100	3200	300	1000	10	15	250	20	600	123	39800
200	200	800	400	400	160	300	250	300	300	400	350	100	3200	300	1000	10	15	250	20	600	123	40000
201	200	800	400	400	160	300	250	300	300	400	350	100	3200	300	1000	10	20	250	20	600	123	40200
202	200	800	400	400	160	300	250	300	300	400	350	100	3200	300	1000	10	20	250	20	600	123	40400
203	200	800	400	400	160	300	250	300	300	400	350	100	3200	300	1000	10	20	250	20	600	123	40600
204	200	800	400	400	160	300	250	300	300	400	350	100	3200	300	1000	10	20	250	20	600	123	40800
205	200	800	400	400	160	300	250	300	300	400	350	100	3200	300	1000	10	20	250	20	600	123	41000
206	200	800	400	400	160	300	250	300	300	400	350	100	3200	300	1000	10	20	250	20	600	123	41200
207	200	800	400	400	160	300	250	300	300	400	350	100	3200	300	1000	10	20	250	20	600	123	41400
208	200	800	400	400	160	300	250	300	300	400	350	100	3200	300	1000	10	20	250	20	600	123	41600
209	200	800	400	400	160	300	250	300	300	400	350	100	3200	300	1000	10	20	250	20	600	123	41800
210	200	800	400	400	160	300	250	300	300	400	350	100	3200	300	1000	10	20	250	20	600	123	42000
211	200	800	400	400	160	300	250	300	300	400	350	100	3200	300	1000	10	20	250	20	600	123	42200
212	200	800	400	400	160	300	250	300	300	400	350	100	3200	300	1000	10	20	250	20	600	123	42400
213	200	800	400	400	160	300	250	300	300	400	350	100	3200	300	1000	10	20	250	20	600	123	42600
214	200	800	400	400	160	300	250	300	300	400	350	100	3200	300	1000	10	20	250	20	600	123	42800
215	200	800	400	400	160	300	250	300	300	400	350	100	3200	300	1000	10	20	250	20	600	123	43000
216	200	800	400	400	160	300	250	300	300	400	350	100	3200	300	1000	10	20	250	20	600	123	43200
217	200	800	400	400	160	300	250	300	300	400	350	100	3200	300	1000	10	20	250	20	600	123	43400
218	200	800	400	400	160	300	250	300	300	400	350	100	3200	300	1000	10	20	250	20	600	123	43600
219	200	800	400	400	160	300	250	300	300	400	350	100	3200	300	1000	10	20	250	20	600	123	43800
220	200	800	400	400	160	300	250	300	300	400	350	100	3200	300	1000	10	20	250	20	600	123	44000
221	200	800	400	400	160	300	250	300	300	400	350	100	3200	300	1000	10	20	250	20	600	123	44200
222	200	800	400	400	160	300	250	300	300	400	350	100	3200	300	1000	10	20	250	20	600	123	44400
223	200	800	400	400	160	300	250	300	300	400	350	100	3200	300	1000	10	20	250	20	600	123	44600
224	200	800	400	400	160	300	250	300	300	400	350	100	3200	300	1000	10	20	250	20	600	123	44800
225	200	800	400	400	160	300	250	300	300	400	350	100	3200	300	1000	10	20	250	20	600	123	45000
226	200	800	400	400	160	300	250	300	300	400	350	100	3200	300	1000	10	20	250	20	600	123	45200
227	200	800	400	400	160	300	250	300	300	400	350	100	3200	300	1000	10	20	250	20	600	123	45400
228	200	800	400	400	160	300	250	300	300	400	350	100	3200	300	1000	10	20	250	20	600	123	45600
229	200	800	400	400	160	300	250	300	300	400	350	100	3200	300	1000	10	20	250	20	600	123	45800
230	200	800	400	400	160	300	250	300	300	400	350	100	3200	300	1000	10	20	250	20	600	123	46000
231	200	800	400	400	160	300	250	300	300	400	350	100	3200	300	1000	10	20	250	20	600	123	46200
232	200	800	400	400	160	300	250	300	300	400	350	100	3200	300	1000	10	20	250	20	600	123	46400
233	200	800	400	400	160	300	250	300	300	400	350	100	3200	300	1000	10	20	250	20	600	123	46600
234	200	800	400	400	160	300	250	300	300	400	350	100	3200	300	1000	10	20	250	20	600	123	46800
235	200	800	400	400	160	300	250	300	300	400	350	100	3200	300	1000	10	20	250	20	600	123	47000
236	200	800	400	400	160	300	250	300	300	400	350	100	3200	300	1000	10	20	250	20	600	123	47200
237	200	800	400	400	160	300	250	300	300	400	350	100	3200	300	1000	10	20	250	20	600	123	47400
238	200	800	400	400	160	300	250	300	300	400	350	100	3200	300	1000	10	20	250	20	600	123	47600
239	200	800	400	400	160	300	250	300	300	400	350	100	3200	300	1000	10	20	250	20	600	123	47800
240	200	800	400	400	160	300	250	300	300	400	350	100	3200	300	1000	10	20	250	20	600	123	48000
241	200	800	400	400	160	300	250	300	300	400	350	100	3200	300	1000	10	20	250	20	600	123	48200
242	200	800	400	400	160	300	250	300	300	400	350	100	3200	300	1000	10	20	250	20	600	123	48400
243	200	800	400	400	160	300	250	300	300	400	350	100	3200	300	1000	10	20	250	20	600	123	48600
244	200	800	400	400	160	300	250	300	300	400	350	100	3200	300	1000	10	20	250	20	600	123	48800
245	200	800	400	400	160	300	250	300	300	400	350	100	3200	300	1000	10	20	250	20	600	123	49000
246	200	800	400	400	160	300	250	300	300	400	350	100	3200	300	1000	10	20	250	20	600	123	49200
247	200	800	400	400	160	300	250	300	300	400	350	100	3200	300	1000	10	20	250	20	600	123	49400
248	200	800	400	400	160	300	250	300	300	400	350	100	3200	300	1000	10	20	250	20	600	123	49600
249	200	800	400	400	160	300	250	300	300	400	350	100	3200	300	1000	10	20	250	20	600	123	49800
250	200	800	400	400	160	300	250	300	300	400	350	100	3200	300	1000	10	20	250	20	600	123	50000
251	200	800	400	400	160	300	250	300	300	400	350	100	3200	300	1000	10	20	250	20	600	123	50200
252	200	800	400	400	160	300	250	300	300	400	350	100	3200	300	1000	10	20	250	20	600	123	50400
253	200	800	400	400	160	300	250	300	300	400	350	100	3200	300	1000	10	20	250	20	600	123	50600
254	200	800	400	400	160	300	250	300	300	400	350	100	3200	300	1000	10	20	250	20	600	123	50800
255	200	800	400	400	160	300	250	300	300	400	350	100	3200	300	1000	10	20	250	20	600	123	51000
256	200	800	400	400	160	300	250	300	300	400	350	100	3200	300	1000	10	20	250	20	600	123	51200
257	200	800	400	400	160	300	250	300	300	400	350	100	3200	300	1000	10	20	250	20	600	123	51400
258	200	800	400	400	160	300	250	300	300	400	350	100	3200	300	1000	10	20	250	20	600	123	51600
259	200	800	400	400	160	300	250	300	300	400	350	100	3200	300	1000	10	20	250	20	600	123	51800
260	200	800	400	400	160	300	250	300	300	400	350	100	3200	300	1000	10	20	250	20	600	123	52000
261	200	800	400	400	160	300	250	300	300	400	350	100	3200	300	1000	10	20	250	20	600	123	52200
262	200	800	400	400	160	300	250	300	300	400	350	100	3200	300	1000	10	20	250	20	600	123	52400
263	200	800	400	400	160	300	250	300	300	400	350	100	3200	300	1000	10	20	250	20	600	123	52600
264	200	800	400	400	160	300	250	300	300	400	350	100	3200	300	1000	10	20	250	20	600	123	52800
265	200	800	400	400	160	300	250	300	300	400	350	100	3200	300	1000	10	20	250	20	600	123	53000
266	200	800	400	400	160	300	250	300	300	400	350	100	3200	300	1000	10	20	250	20	600	123	53200
267	200	800	400	400	160	300	250	300	300	400	350	100	3200	300	1000	10	20	250	20	600	123	53400
268	200	800	400	400	160	300	250	300	300	400	350	100	3200	300	1000	10	20	250	20	600	123	53600
269	200	800	400	400	160	300	250	300	300	400	350	100	3200	300	1000	10	20	250	20	600	123	53800
270	200	800	400	400	160	300	250	300	300	400	350	100	3200	300	1000	10	20	250	20	600	123	54000
271	200	800	400	400	160	300	250	300	300	400	350	100	3200	300	1000	10	20	250	20	600	123	54200
272	200	800	400	400	160	300	250	300	300	400	350	100	3200	300	1000	10	20	250	20	600	123	54400
273	200	800	400	400	160	300	250	300	300	400	350	100	3200	300	1000	10	20	250	20	600	123	54600
274	200	800	400	400	160	300	250	300	300	400	350	100	3200	300	1000	10	20	250	20	600	123	54800
275	200	800	400	400	160	300	250	300	300	400	350	100	3200	300	1000	10	20	250	20	600	123	55000
276	200	800	400	400	160	300	250	300	300	400	350	100	3200	300	1000	10	20	250	20	600	123	55200
277	200	800	400	400	160	300	250	300	300	400	350	100	3200	300	1000	10	20	250	20	600	123	55400
278	200	800	400	400	160	300	250	300	300	400	350	100	3200	300	1000	10	20	250	20	600	123	55600
279	200	800	400	400	160	300	250	300	300	400	350	100	3200	300	1000	10	20	250	20	600	123	55800
280	200	800	400	400	160	300	250	300	300	400	350	100	3200	300	1000	10	20	250	20	600	123	56000
281	200	800	400	400	160	300	250	300	300	400	350	100	3200	300	1000	10	20	250	20	600	123	56200
282	200	800	400	400	160	300	250	300	300	400	350	100	3200	300	1000	10	20	250	20	600	123	56400
283	200	800	400	400	160	300	250	300	300	400	350	100	3200	300	1000	10	20	250	20	600	123	56600
284	200	800	400	400	160	300	250	300	300	400	350	100	3200	300	1000	10	20	250	20	600	123	56800
285	200	800	400	400	160	300	250	300	300	400	350	100	3200	300	1000	10	20	250	20	600	123	57000
286	200	800	400	400	160	300	250	300	300	400	350	100	3200	300	1000	10	20	250	20	600	123	57200
287	200	800	400	400	160	300	250	300	300	400	350	100	3200	300	1000	10	20	250	20	600	123	57400
288	200	800	400	400	160	300	250	300	300	400	350	100	3200	300	1000	10	20	250	20	600	123	57600
289	200	800	400	400	160	300	250	300	300	400	350	100	3200	300	1000	10	20	250	20	600	123	57800
290	200	800	400	400	160	300	250	300	300	400	350	100	3200	300	1000	10	20	250	20	600	123	58000
291	200	800	400	400	160	300	250	300	300	400	350	100	3200	300	1000	10	20	250	20	600	123	58200
292	200	800	400	400	160	300	250	300	300	400	350	100	3200	300	1000	10	20	250	20	600	123	58400
293	200	800	400	400	160	300	250	300	300	400	350	100	3200	300	1000	10	20	250	20	600	123	58600
294	200	800	400	400	160	300	250	300	300	400	350	100	3200	300	1000	10	20	250	20	600	123	58800
295	200	800	400	400	160	300	250	300	300	400	350	100	3200	300	1000	10	20	250	20	600	123	59000
296	200	800	400	400	160	300	250	300	300	400	350	100	3200	300	1000	10	20	250	20	600	123	59200
297	200	800	400	400	160	300	250	300	300	400	350	100	3200	300	1000	10	20	250	20	600	123	59400
298	200	800	400	400	160	300	250	300	300	400	350	100	3200	300	1000	10	20	250	20	600	123	59600
299	200	800	400	400	160	300	250	300	300	400	350	100	3200	300	1000	10	20	250	20	600	123	59800
300	200	800	400	400	160	300	250	300	300	400	350	100	3200	300	1000	10	20	250	20	600	123	60000
301	200	800	400	400	160	300	250	300	300	400	350	100	3200	300	1000	10	25	250	20	600	123	60200
302	200	800	400	400	160	300	250	300	300	400	350	100	3200	300	1000	10	25	250	20	600	123	60400
303	200	800	400	400	160	300	250	300	300	400	350	100	3200	300	1000	10	25	250	20	600	123	60600
304	200	800	400	400	160	300	250	300	300	400	350	100	3200	300	1000	10	25	250	20	600	123	60800
305	200	800	400	400	160	300	250	300	300	400	350	100	3200	300	1000	10	25	250	20	600	123	61000
306	200	800	400	400	160	300	250	300	300	400	350	100	3200	300	1000	10	25	250	20	600	123	61200
307	200	800	400	400	160	300	250	300	300	400	350	100	3200	300	1000	10	25	250	20	600	123	61400
308	200	800	400	400	160	300	250	300	300	400	350	100	3200	300	1000	10	25	250	20	600	123	61600
309	200	800	400	400	160	300	250	300	300	400	350	100	3200	300	1000	10	25	250	20	600	123	61800
310	200	800	400	400	160	300	250	300	300	400	350	100	3200	300	1000	10	25	250	20	600	123	62000
311	200	800	400	400	160	300	250	300	300	400	350	100	3200	300	1000	10	25	250	20	600	123	62200
312	200	800	400	400	160	300	250	300	300	400	350	100	3200	300	1000	10	25	250	20	600	123	62400
313	200	800	400	400	160	300	250	300	300	400	350	100	3200	300	1000	10	25	250	20	600	123	62600
314	200	800	400	400	160	300	250	300	300	400	350	100	3200	300	1000	10	25	250	20	600	123	62800
315	200	800	400	400	160	300	250	300	300	400	350	100	3200	300	1000	10	25	250	20	600	123	63000
316	200	800	400	400	160	300	250	300	300	400	350	100	3200	300	1000	10	25	250	20	600	123	63200
317	200	800	400	400	160	300	250	300	300	400	350	100	3200	300	1000	10	25	250	20	600	123	63400
318	200	800	400	400	160	300	250	300	300	400	350	100	3200	300	1000	10	25	250	20	600	123	63600
319	200	800	400	400	160	300	250	300	300	400	350	100	3200	300	1000	10	25	250	20	600	123	63800
320	200	800	400	400	160	300	250	300	300	400	350	100	3200	300	1000	10	25	250	20	600	123	64000
321	200	800	400	400	160	300	250	300	300	400	350	100	3200	300	1000	10	25	250	20	600	123	64200
322	200	800	400	400	160	300	250	300	300	400	350	100	3200	300	1000	10	25	250	20	600	123	64400
323	200	800	400	400	160	300	250	300	300	400	350	100	3200	300	1000	10	25	250	20	600	123	64600
324	200	800	400	400	160	300	250	300	300	400	350	100	3200	300	1000	10	25	250	20	600	123	64800
325	200	800	400	400	160	300	250	300	300	400	350	100	3200	300	1000	10	25	250	20	600	123	65000
326	200	800	400	400	160	300	250	300	300	400	350	100	3200	300	1000	10	25	250	20	600	123	65200
327	200	800	400	400	160	300	250	300	300	400	350	100	3200	300	1000	10	25	250	20	600	123	65400
328	200	800	400	400	160	300	250	300	300	400	350	100	3200	300	1000	10	25	250	20	600	123	65600
329	200	800	400	400	160	300	250	300	300	400	350	100	3200	300	1000	10	25	250	20	600	123	65800
330	200	800	400	400	160	300	250	300	300	400	350	100	3200	300	1000	10	25	250	20	600	123	66000
331	200	800	400	400	160	300	250	300	300	400	350	100	3200	300	1000	10	25	250	20	600	123	66200
332	200	800	400	400	160	300	250	300	300	400	350	100	3200	300	1000	10	25	250	20	600	123	66400
333	200	800	400	400	160	300	250	300	300	400	350	100	3200	300	1000	10	25	250	20	600	123	66600
334	200	800	400	400	160	300	250	300	300	400	350	100	3200	300	1000	10	25	250	20	600	123	66800
335	200	800	400	400	160	300	250	300	300	400	350	100	3200	300	1000	10	25	250	20	600	123	67000
336	200	800	400	400	160	300	250	300	300	400	350	100	3200	300	1000	10	25	250	20	600	123	67200
337	200	800	400	400	160	300	250	300	300	400	350	100	3200	300	1000	10	25	250	20	600	123	67400
338	200	800	400	400	160	300	250	300	300	400	350	100	3200	300	1000	10	25	250	20	600	123	67600
339	200	800	400	400	160	300	250	300	300	400	350	100	3200	300	1000	10	25	250	20	600	123	67800
340	200	800	400	400	160	300	250	300	300	400	350	100	3200	300	1000	10	25	250	20	600	123	68000
341	200	800	400	400	160	300	250	300	300	400	350	100	3200	300	1000	10	25	250	20	600	123	68200
342	200	800	400	400	160	300	250	300	300	400	350	100	3200	300	1000	10	25	250	20	600	123	68400
343	200	800	400	400	160	300	250	300	300	400	350	100	3200	300	1000	10	25	250	20	600	123	68600
344	200	800	400	400	160	300	250	300	300	400	350	100	3200	300	1000	10	25	250	20	600	123	68800
345	200	800	400	400	160	300	250	300	300	400	350	100	3200	300	1000	10	25	250	20	600	123	69000
346	200	800	400	400	160	300	250	300	300	400	350	100	3200	300	1000	10	25	250	20	600	123	69200
347	200	800	400	400	160	300	250	300	300	400	350	100	3200	300	1000	10	25	250	20	600	123	69400
348	200	800	400	400	160	300	250	300	300	400	350	100	3200	300	1000	10	25	250	20	600	123	69600
349	200	800	400	400	160	300	250	300	300	400	350	100	3200	300	1000	10	25	250	20	600	123	69800
350	200	800	400	400	160	300	250	300	300	400	350	100	3200	300	1000	10	25	250	20	600	123	70000
351	200	800	400	400	160	300	250	300	300	400	350	100	3200	300	1000	10	25	250	20	600	123	70200
352	200	800	400	400	160	300	250	300	300	400	350	100	3200	300	1000	10	25	250	20	600	123	70400
353	200	800	400	400	160	300	250	300	300	400	350	100	3200	300	1000	10	25	250	20	600	123	70600
354	200	800	400	400	160	300	250	300	300	400	350	100	3200	300	1000	10	25	250	20	600	123	70800
355	200	800	400	400	160	300	250	300	300	400	350	100	3200	300	1000	10	25	250	20	600	123	71000
356	200	800	400	400	160	300	250	300	300	400	350	100	3200	300	1000	10	25	250	20	600	123	71200
357	200	800	400	400	160	300	250	300	300	400	350	100	3200	300	1000	10	25	250	20	600	123	71400
358	200	800	400	400	160	300	250	300	300	400	350	100	3200	300	1000	10	25	250	20	600	123	71600
359	200	800	400	400	160	300	250	300	300	400	350	100	3200	300	1000	10	25	250	20	600	123	71800
360	200	800	400	400	160	300	250	300	300	400	350	100	3200	300	1000	10	25	250	20	600	123	72000
361	200	800	400	400	160	300	250	300	300	400	350	100	3200	300	1000	10	25	250	20	600	123	72200
362	200	800	400	400	160	300	250	300	300	400	350	100	3200	300	1000	10	25	250	20	600	123	72400
363	200	800	400	400	160	300	250	300	300	400	350	100	3200	300	1000	10	25	250	20	600	123	72600
364	200	800	400	400	160	300	250	300	300	400	350	100	3200	300	1000	10	25	250	20	600	123	72800
365	200	800	400	400	160	300	250	300	300	400	350	100	3200	300	1000	10	25	250	20	600	123	73000
366	200	800	400	400	160	300	250	300	300	400	350	100	3200	300	1000	10	25	250	20	600	123	73200
367	200	800	400	400	160	300	250	300	300	400	350	100	3200	300	1000	10	25	250	20	600	123	73400
368	200	800	400	400	160	300	250	300	300	400	350	100	3200	300	1000	10	25	250	20	600	123	73600
369	200	800	400	400	160	300	250	300	300	400	350	100	3200	300	1000	10	25	250	20	600	123	73800
370	200	800	400	400	160	300	250	300	300	400	350	100	3200	300	1000	10	25	250	20	600	123	74000
371	200	800	400	400	160	300	250	300	300	400	350	100	3200	300	1000	10	25	250	20	600	123	74200
372	200	800	400	400	160	300	250	300	300	400	350	100	3200	300	1000	10	25	250	20	600	123	74400
373	200	800	400	400	160	300	250	300	300	400	350	100	3200	300	1000	10	25	250	20	600	123	74600
374	200	800	400	400	160	300	250	300	300	400	350	100	3200	300	1000	10	25	250	20	600	123	74800
375	200	800	400	400	160	300	250	300	300	400	350	100	3200	300	1000	10	25	250	20	600	123	75000
376	200	800	400	400	160	300	250	300	300	400	350	100	3200	300	1000	10	25	250	20	600	123	75200
377	200	800	400	400	160	300	250	300	300	400	350	100	3200	300	1000	10	25	250	20	600	123	75400
378	200	800	400	400	160	300	250	300	300	400	350	100	3200	300	1000	10	25	250	20	600	123	75600
379	200	800	400	400	160	300	250	300	300	400	350	100	3200	300	1000	10	25	250	20	600	123	75800
380	200	800	400	400	160	300	250	300	300	400	350	100	3200	300	1000	10	25	250	20	600	123	76000
381	200	800	400	400	160	300	250	300	300	400	350	100	3200	300	1000	10	25	250	20	600	123	76200
382	200	800	400	400	160	300	250	300	300	400	350	100	3200	300	1000	10	25	250	20	600	123	76400
383	200	800	400	400	160	300	250	300	300	400	350	100	3200	300	1000	10	25	250	20	600	123	76600
384	200	800	400	400	160	300	250	300	300	400	350	100	3200	300	1000	10	25	250	20	600	123	76800
385	200	800	400	400	160	300	250	300	300	400	350	100	3200	300	1000	10	25	250	20	600	123	77000
386	200	800	400	400	160	300	250	300	300	400	350	100	3200	300	1000	10	25	250	20	600	123	77200
387	200	800	400	400	160	300	250	300	300	400	350	100	3200	300	1000	10	25	250	20	600	123	77400
388	200	800	400	400	160	300	250	300	300	400	350	100	3200	300	1000	10	25	250	20	600	123	77600
389	200	800	400	400	160	300	250	300	300	400	350	100	3200	300	1000	10	25	250	20	600	123	77800
390	200	800	400	400	160	300	250	300	300	400	350	100	3200	300	1000	10	25	250	20	600	123	78000
391	200	800	400	400	160	300	250	300	300	400	350	100	3200	300	1000	10	25	250	20	600	123	78200
392	200	800	400	400	160	300	250	300	300	400	350	100	3200	300	1000	10	25	250	20	600	123	78400
393	200	800	400	400	160	300	250	300	300	400	350	100	3200	300	1000	10	25	250	20	600	123	78600
394	200	800	400	400	160	300	250	300	300	400	350	100	3200	300	1000	10	25	250	20	600	123	78800
395	200	800	400	400	160	300	250	300	300	400	350	100	3200	300	1000	10	25	250	20	600	123	79000
396	200	800	400	400	160	300	250	300	300	400	350	100	3200	300	1000	10	25	250	20	600	123	79200
397	200	800	400	400	160	300	250	300	300	400	350	100	3200	300	1000	10	25	250	20	600	123	79400
398	200	800	400	400	160	300	250	300	300	400	350	100	3200	300	1000	10	25	250	20	600	123	79600
399	200	800	400	400	160	300	250	300	300	400	350	100	3200	300	1000	10	25	250	20	600	123	79800
400	200	800	400	400	160	300	250	300	300	400	350	100	3200	300	1000	10	25	250	20	600	123	80000
401	200	800	400	400	160	300	250	300	300	400	350	100	3200	300	1000	10	25	250	20	600	123	80200
402	200	800	400	400	160	300	250	300	300	400	350	100	3200	300	1000	10	25	250	20	600	123	80400
403	200	800	400	400	160	300	250	300	300	400	350	100	3200	300	1000	10	25	250	20	600	123	80600
404	200	800	400	400	160	300	250	300	300	400	350	100	3200	300	1000	10	25	250	20	600	123	80800
405	200	800	400	400	160	300	250	300	300	400	350	100	3200	300	1000	10	25	250	20	600	123	81000
406	200	800	400	400	160	300	250	300	300	400	350	100	3200	300	1000	10	25	250	20	600	123	81200
407	200	800	400	400	160	300	250	300	300	400	350	100	3200	300	1000	10	25	250	20	600	123	81400
408	200	800	400	400	160	300	250	300	300	400	350	100	3200	300	1000	10	25	250	20	600	123	81600
409	200	800	400	400	160	300	250	300	300	400	350	100	3200	300	1000	10	25	250	20	600	123	81800
410	200	800	400	400	160	300	250	300	300	400	350	100	3200	300	1000	10	25	250	20	600	123	82000
411	200	800	400	400	160	300	250	300	300	400	350	100	3200	300	1000	10	25	250	20	600	123	82200
412	200	800	400	400	160	300	250	300	300	400	350	100	3200	300	1000	10	25	250	20	600	123	82400
413	200	800	400	400	160	300	250	300	300	400	350	100	3200	300	1000	10	25	250	20	600	123	82600
414	200	800	400	400	160	300	250	300	300	400	350	100	3200	300	1000	10	25	250	20	600	123	82800
415	200	800	400	400	160	300	250	300	300	400	350	100	3200	300	1000	10	25	250	20	600	123	83000
416	200	800	400	400	160	300	250	300	300	400	350	100	3200	300	1000	10	25	250	20	600	123	83200
417	200	800	400	400	160	300	250	300	300	400	350	100	3200	300	1000	10	25	250	20	600	123	83400
418	200	800	400	400	160	300	250	300	300	400	350	100	3200	300	1000	10	25	250	20	600	123	83600
419	200	800	400	400	160	300	250	300	300	400	350	100	3200	300	1000	10	25	250	20	600	123	83800
420	200	800	400	400	160	300	250	300	300	400	350	100	3200	300	1000	10	25	250	20	600	123	84000
421	200	800	400	400	160	300	250	300	300	400	350	100	3200	300	1000	10	25	250	20	600	123	84200
422	200	800	400	400	160	300	250	300	300	400	350	100	3200	300	1000	10	25	250	20	600	123	84400
423	200	800	400	400	160	300	250	300	300	400	350	100	3200	300	1000	10	25	250	20	600	123	84600
424	200	800	400	400	160	300	250	300	300	400	350	100	3200	300	1000	10	25	250	20	600	123	84800
425	200	800	400	400	160	300	250	300	300	400	350	100	3200	300	1000	10	25	250	20	600	123	85000
426	200	800	400	400	160	300	250	300	300	400	350	100	3200	300	1000	10	25	250	20	600	123	85200
427	200	800	400	400	160	300	250	300	300	400	350	100	3200	300	1000	10	25	250	20	600	123	85400
428	200	800	400	400	160	300	250	300	300	400	350	100	3200	300	1000	10	25	250	20	600	123	85600
429	200	800	400	400	160	300	250	300	300	400	350	100	3200	300	1000	10	25	250	20	600	123	85800
430	200	800	400	400	160	300	250	300	300	400	350	100	3200	300	1000	10	25	250	20	600	123	86000
431	200	800	400	400	160	300	250	300	300	400	350	100	3200	300	1000	10	25	250	20	600	123	86200
432	200	800	400	400	160	300	250	300	300	400	350	100	3200	300	1000	10	25	250	20	600	123	86400
433	200	800	400	400	160	300	250	300	300	400	350	100	3200	300	1000	10	25	250	20	600	123	86600
434	200	800	400	400	160	300	250	300	300	400	350	100	3200	300	1000	10	25	250	20	600	123	86800
435	200	800	400	400	160	300	250	300	300	400	350	100	3200	300	1000	10	25	250	20	600	123	87000
436	200	800	400	400	160	300	250	300	300	400	350	100	3200	300	1000	10	25	250	20	600	123	87200
437	200	800	400	400	160	300	250	300	300	400	350	100	3200	300	1000	10	25	250	20	600	123	87400
438	200	800	400	400	160	300	250	300	300	400	350	100	3200	300	1000	10	25	250	20	600	123	87600
439	200	800	400	400	160	300	250	300	300	400	350	100	3200	300	1000	10	25	250	20	600	123	87800
440	200	800	400	400	160	300	250	300	300	400	350	100	3200	300	1000	10	25	250	20	600	123	88000
441	200	800	400	400	160	300	250	300	300	400	350	100	3200	300	1000	10	25	250	20	600	123	88200
442	200	800	400	400	160	300	250	300	300	400	350	100	3200	300	1000	10	25	250	20	600	123	88400
443	200	800	400	400	160	300	250	300	300	400	350	100	3200	300	1000	10	25	250	20	600	123	88600
444	200	800	400	400	160	300	250	300	300	400	350	100	3200	300	1000	10	25	250	20	600	123	88800
445	200	800	400	400	160	300	250	300	300	400	350	100	3200	300	1000	10	25	250	20	600	123	89000
446	200	800	400	400	160	300	250	300	300	400	350	100	3200	300	1000	10	25	250	20	600	123	89200
447	200	800	400	400	160	300	250	300	300	400	350	100	3200	300	1000	10	25	250	20	600	123	89400
448	200	800	400	400	160	300	250	300	300	400	350	100	3200	300	1000	10	25	250	20	600	123	89600
449	200	800	400	400	160	300	250	300	300	400	350	100	3200	300	1000	10	25	250	20	600	123	89800
450	200	800	400	400	160	300	250	300	300	400	350	100	3200	300	1000	10	25	250	20	600	123	90000
451	200	800	400	400	160	300	250	300	300	400	350	100	3200	300	1000	10	25	250	20	600	123	90200
452	200	800	400	400	160	300	250	300	300	400	350	100	3200	300	1000	10	25	250	20	600	123	90400
453	200	800	400	400	160	300	250	300	300	400	350	100	3200	300	1000	10	25	250	20	600	123	90600
454	200	800	400	400	160	300	250	300	300	400	350	100	3200	300	1000	10	25	250	20	600	123	90800
455	200	800	400	400	160	300	250	300	300	400	350	100	3200	300	1000	10	25	250	20	600	123	91000
456	200	800	400	400	160	300	250	300	300	400	350	100	3200	300	1000	10	25	250	20	600	123	91200
457	200	800	400	400	160	300	250	300	300	400	350	100	3200	300	1000	10	25	250	20	600	123	91400
458	200	800	400	400	160	300	250	300	300	400	350	100	3200	300	1000	10	25	250	20	600	123	91600
459	200	800	400	400	160	300	250	300	300	400	350	100	3200	300	1000	10	25	250	20	600	123	91800
460	200	800	400	400	160	300	250	300	300	400	350	100	3200	300	1000	10	25	250	20	600	123	92000
461	200	800	400	400	160	300	250	300	300	400	350	100	3200	300	1000	10	25	250	20	600	123	92200
462	200	800	400	400	160	300	250	300	300	400	350	100	3200	300	1000	10	25	250	20	600	123	92400
463	200	800	400	400	160	300	250	300	300	400	350	100	3200	300	1000	10	25	250	20	600	123	92600
464	200	800	400	400	160	300	250	300	300	400	350	100	3200	300	1000	10	25	250	20	600	123	92800
465	200	800	400	400	160	300	250	300	300	400	350	100	3200	300	1000	10	25	250	20	600	123	93000
466	200	800	400	400	160	300	250	300	300	400	350	100	3200	300	1000	10	25	250	20	600	123	93200
467	200	800	400	400	160	300	250	300	300	400	350	100	3200	300	1000	10	25	250	20	600	123	93400
468	200	800	400	400	160	300	250	300	300	400	350	100	3200	300	1000	10	25	250	20	600	123	93600
469	200	800	400	400	160	300	250	300	300	400	350	100	3200	300	1000	10	25	250	20	600	123	93800
470	200	800	400	400	160	300	250	300	300	400	350	100	3200	300	1000	10	25	250	20	600	123	94000
471	200	800	400	400	160	300	250	300	300	400	350	100	3200	300	1000	10	25	250	20	600	123	94200
472	200	800	400	400	160	300	250	300	300	400	350	100	3200	300	1000	10	25	250	20	600	123	94400
473	200	800	400	400	160	300	250	300	300	400	350	100	3200	300	1000	10	25	250	20	600	123	94600
474	200	800	400	400	160	300	250	300	300	400	350	100	3200	300	1000	10	25	250	20	600	123	94800
475	200	800	400	400	160	300	250	300	300	400	350	100	3200	300	1000	10	25	250	20	600	123	95000
476	200	800	400	400	160	300	250	300	300	400	350	100	3200	300	1000	10	25	250	20	600	123	95200
477	200	800	400	400	160	300	250	300	300	400	350	100	3200	300	1000	10	25	250	20	600	123	95400
478	200	800	400	400	160	300	250	300	300	400	350	100	3200	300	1000	10	25	250	20	600	123	95600
479	200	800	400	400	160	300	250	300	300	400	350	100	3200	300	1000	10	25	250	20	600	123	95800
480	200	800	400	400	160	300	250	300	300	400	350	100	3200	300	1000	10	25	250	20	600	123	96000
481	200	800	400	400	160	300	250	300	300	400	350	100	3200	300	1000	10	25	250	20	600	123	96200
482	200	800	400	400	160	300	250	300	300	400	350	100	3200	300	1000	10	25	250	20	600	123	96400
483	200	800	400	400	160	300	250	300	300	400	350	100	3200	300	1000	10	25	250	20	600	123	96600
484	200	800	400	400	160	300	250	300	300	400	350	100	3200	300	1000	10	25	250	20	600	123	96800
485	200	800	400	400	160	300	250	300	300	400	350	100	3200	300	1000	10	25	250	20	600	123	97000
486	200	800	400	400	160	300	250	300	300	400	350	100	3200	300	1000	10	25	250	20	600	123	97200
487	200	800	400	400	160	300	250	300	300	400	350	100	3200	300	1000	10	25	250	20	600	123	97400
488	200	800	400	400	160	300	250	300	300	400	350	100	3200	300	1000	10	25	250	20	600	123	97600
489	200	800	400	400	160	300	250	300	300	400	350	100	3200	300	1000	10	25	250	20	600	123	97800
490	200	800	400	400	160	300	250	300	300	400	350	100	3200	300	1000	10	25	250	20	600	123	98000
491	200	800	400	400	160	300	250	300	300	400	350	100	3200	300	1000	10	25	250	20	600	123	98200
492	200	800	400	400	160	300	250	300	300	400	350	100	3200	300	1000	10	25	250	20	600	123	98400
493	200	800	400	400	160	300	250	300	300	400	350	100	3200	300	1000	10	25	250	20	600	123	98600
494	200	800	400	400	160	300	250	300	300	400	350	100	3200	300	1000	10	25	250	20	600	123	98800
495	200	800	400	400	160	300	250	300	300	400	350	100	3200	300	1000	10	25	250	20	600	123	99000
496	200	800	400	400	160	300	250	300	300	400	350	100	3200	300	1000	10	25	250	20	600	123	99200
497	200	800	400	400	160	300	250	300	300	400	350	100	3200	300	1000	10	25	250	20	600	123	99400
498	200	800	400	400	160	300	250	300	300	400	350	100	3200	300	1000	10	25	250	20	600	123	99600
499	200	800	400	400	160	300	250	300	300	400	350	100	3200	300	1000	10	25	250	20	600	123	99800
500	200	800	400	400	160	300	250	300	300	400	350	100	3200	300	1000	10	25	250	20	600	123	100000
501		800	400	400	160	300	250	300	300	400	350	100	3200	300	1000	10	25	250	20	600	123	100200
502		800	400	400	160	300	250	300	300	400	350	100	3200	300	1000	10	25	250	20	600	123	100400
503		800	400	400	160	300	250	300	300	400	350	100	3200	300	1000	10	25	250	20	600	123	100600
504		800	400	400	160	300	250	300	300	400	350	100	3200	300	1000	10	25	250	20	600	123	100800
505		800	400	400	160	300	250	300	300	400	350	100	3200	300	1000	10	25	250	20	600	123	101000
506		800	400	400	160	300	250	300	300	400	350	100	3200	300	1000	10	25	250	20	600	123	101200
507		800	400	400	160	300	250	300	300	400	350	100	3200	300	1000	10	25	250	20	600	123	101400
508		800	400	400	160	300	250	300	300	400	350	100	3200	300	1000	10	25	250	20	600	123	101600
509		800	400	400	160	300	250	300	300	400	350	100	3200	300	1000	10	25	250	20	600	123	101800
510		800	400	400	160	300	250	300	300	400	350	100	3200	300	1000	10	25	250	20	600	123	102000
511		800	400	400	160	300	250	300	300	400	350	100	3200	300	1000	10	25	250	20	600	123	102200
512		800	400	400	160	300	250	300	300	400	350	100	3200	300	1000	10	25	250	20	600	123	102400
513		800	400	400	160	300	250	300	300	400	350	100	3200	300	1000	10	25	250	20	600	123	102600
514		800	400	400	160	300	250	300	300	400	350	100	3200	300	1000	10	25	250	20	600	123	102800
515		800	400	400	160	300	250	300	300	400	350	100	3200	300	1000	10	25	250	20	600	123	103000
516		800	400	400	160	300	250	300	300	400	350	100	3200	300	1000	10	25	250	20	600	123	103200
517		800	400	400	160	300	250	300	300	400	350	100	3200	300	1000	10	25	250	20	600	123	103400
518		800	400	400	160	300	250	300	300	400	350	100	3200	300	1000	10	25	250	20	600	123	103600
519		800	400	400	160	300	250	300	300	400	350	100	3200	300	1000	10	25	250	20	600	123	103800
520		800	400	400	160	300	250	300	300	400	350	100	3200	300	1000	10	25	250	20	600	123	104000
521		800	400	400	160	300	250	300	300	400	350	100	3200	300	1000	10	25	250	20	600	123	104200
522		800	400	400	160	300	250	300	300	400	350	100	3200	300	1000	10	25	250	20	600	123	104400
523		800	400	400	160	300	250	300	300	400	350	100	3200	300	1000	10	25	250	20	600	123	104600
524		800	400	400	160	300	250	300	300	400	350	100	3200	300	1000	10	25	250	20	600	123	104800
525		800	400	400	160	300	250	300	300	400	350	100	3200	300	1000	10	25	250	20	600	123	105000
526		800	400	400	160	300	250	300	300	400	350	100	3200	300	1000	10	25	250	20	600	123	105200
527		800	400	400	160	300	250	300	300	400	350	100	3200	300	1000	10	25	250	20	600	123	105400
528		800	400	400	160	300	250	300	300	400	350	100	3200	300	1000	10	25	250	20	600	123	105600
529		800	400	400	160	300	250	300	300	400	350	100	3200	300	1000	10	25	250	20	600	123	105800
530		800	400	400	160	300	250	300	300	400	350	100	3200	300	1000	10	25	250	20	600	123	106000
531		800	400	400	160	300	250	300	300	400	350	100	3200	300	1000	10	25	250	20	600	123	106200
532		800	400	400	160	300	250	300	300	400	350	100	3200	300	1000	10	25	250	20	600	123	106400
533		800	400	400	160	300	250	300	300	400	350	100	3200	300	1000	10	25	250	20	600	123	106600
534		800	400	400	160	300	250	300	300	400	350	100	3200	300	1000	10	25	250	20	600	123	106800
535		800	400	400	160	300	250	300	300	400	350	100	3200	300	1000	10	25	250	20	600	123	107000
536		800	400	400	160	300	250	300	300	400	350	100	3200	300	1000	10	25	250	20	600	123	107200
537		800	400	400	160	300	250	300	300	400	350	100	3200	300	1000	10	25	250	20	600	123	107400
538		800	400	400	160	300	250	300	300	400	350	100	3200	300	1000	10	25	250	20	600	123	107600
539		800	400	400	160	300	250	300	300	400	350	100	3200	300	1000	10	25	250	20	600	123	107800
540		800	400	400	160	300	250	300	300	400	350	100	3200	300	1000	10	25	250	20	600	123	108000
541		800	400	400	160	300	250	300	300	400	350	100	3200	300	1000	10	25	250	20	600	123	108200
542		800	400	400	160	300	250	300	300	400	350	100	3200	300	1000	10	25	250	20	600	123	108400
543		800	400	400	160	300	250	300	300	400	350	100	3200	300	1000	10	25	250	20	600	123	108600
544		800	400	400	160	300	250	300	300	400	350	100	3200	300	1000	10	25	250	20	600	123	108800
545		800	400	400	160	300	250	300	300	400	350	100	3200	300	1000	10	25	250	20	600	123	109000
546		800	400	400	160	300	250	300	300	400	350	100	3200	300	1000	10	25	250	20	600	123	109200
547		800	400	400	160	300	250	300	300	400	350	100	3200	300	1000	10	25	250	20	600	123	109400
548		800	400	400	160	300	250	300	300	400	350	100	3200	300	1000	10	25	250	20	600	123	109600
549		800	400	400	160	300	250	300	300	400	350	100	3200	300	1000	10	25	250	20	600	123	109800
550		800	400	400	160	300	250	300	300	400	350	100	3200	300	1000	10	25	250	20	600	123	110000
551		800	400	400	160	300	250	300	300	400	350	100	3200	300	1000	10	25	250	20	600	123	110200
552		800	400	400	160	300	250	300	300	400	350	100	3200	300	1000	10	25	250	20	600	123	110400
553		800	400	400	160	300	250	300	300	400	350	100	3200	300	1000	10	25	250	20	600	123	110600
554		800	400	400	160	300	250	300	300	400	350	100	3200	300	1000	10	25	250	20	600	123	110800
555		800	400	400	160	300	250	300	300	400	350	100	3200	300	1000	10	25	250	20	600	123	111000
556		800	400	400	160	300	250	300	300	400	350	100	3200	300	1000	10	25	250	20	600	123	111200
557		800	400	400	160	300	250	300	300	400	350	100	3200	300	1000	10	25	250	20	600	123	111400
558		800	400	400	160	300	250	300	300	400	350	100	3200	300	1000	10	25	250	20	600	123	111600
559		800	400	400	160	300	250	300	300	400	350	100	3200	300	1000	10	25	250	20	600	123	111800
560		800	400	400	160	300	250	300	300	400	350	100	3200	300	1000	10	25	250	20	600	123	112000
561		800	400	400	160	300	250	300	300	400	350	100	3200	300	1000	10	25	250	20	600	123	112200
562		800	400	400	160	300	250	300	300	400	350	100	3200	300	1000	10	25	250	20	600	123	112400
563		800	400	400	160	300	250	300	300	400	350	100	3200	300	1000	10	25	250	20	600	123	112600
564		800	400	400	160	300	250	300	300	400	350	100	3200	300	1000	10	25	250	20	600	123	112800
565		800	400	400	160	300	250	300	300	400	350	100	3200	300	1000	10	25	250	20	600	123	113000
566		800	400	400	160	300	250	300	300	400	350	100	3200	300	1000	10	25	250	20	600	123	113200
567		800	400	400	160	300	250	300	300	400	350	100	3200	300	1000	10	25	250	20	600	123	113400
568		800	400	400	160	300	250	300	300	400	350	100	3200	300	1000	10	25	250	20	600	123	113600
569		800	400	400	160	300	250	300	300	400	350	100	3200	300	1000	10	25	250	20	600	123	113800
570		800	400	400	160	300	250	300	300	400	350	100	3200	300	1000	10	25	250	20	600	123	114000
571		800	400	400	160	300	250	300	300	400	350	100	3200	300	1000	10	25	250	20	600	123	114200
572		800	400	400	160	300	250	300	300	400	350	100	3200	300	1000	10	25	250	20	600	123	114400
573		800	400	400	160	300	250	300	300	400	350	100	3200	300	1000	10	25	250	20	600	123	114600
574		800	400	400	160	300	250	300	300	400	350	100	3200	300	1000	10	25	250	20	600	123	114800
575		800	400	400	160	300	250	300	300	400	350	100	3200	300	1000	10	25	250	20	600	123	115000
576		800	400	400	160	300	250	300	300	400	350	100	3200	300	1000	10	25	250	20	600	123	115200
577		800	400	400	160	300	250	300	300	400	350	100	3200	300	1000	10	25	250	20	600	123	115400
578		800	400	400	160	300	250	300	300	400	350	100	3200	300	1000	10	25	250	20	600	123	115600
579		800	400	400	160	300	250	300	300	400	350	100	3200	300	1000	10	25	250	20	600	123	115800
580		800	400	400	160	300	250	300	300	400	350	100	3200	300	1000	10	25	250	20	600	123	116000
581		800	400	400	160	300	250	300	300	400	350	100	3200	300	1000	10	25	250	20	600	123	116200
582		800	400	400	160	300	250	300	300	400	350	100	3200	300	1000	10	25	250	20	600	123	116400
583		800	400	400	160	300	250	300	300	400	350	100	3200	300	1000	10	25	250	20	600	123	116600
584		800	400	400	160	300	250	300	300	400	350	100	3200	300	1000	10	25	250	20	600	123	116800
585		800	400	400	160	300	250	300	300	400	350	100	3200	300	1000	10	25	250	20	600	123	117000
586		800	400	400	160	300	250	300	300	400	350	100	3200	300	1000	10	25	250	20	600	123	117200
587		800	400	400	160	300	250	300	300	400	350	100	3200	300	1000	10	25	250	20	600	123	117400
588		800	400	400	160	300	250	300	300	400	350	100	3200	300	1000	10	25	250	20	600	123	117600
589		800	400	400	160	300	250	300	300	400	350	100	3200	300	1000	10	25	250	20	600	123	117800
590		800	400	400	160	300	250	300	300	400	350	100	3200	300	1000	10	25	250	20	600	123	118000
591		800	400	400	160	300	250	300	300	400	350	100	3200	300	1000	10	25	250	20	600	123	118200
592		800	400	400	160	300	250	300	300	400	350	100	3200	300	1000	10	25	250	20	600	123	118400
593		800	400	400	160	300	250	300	300	400	350	100	3200	300	1000	10	25	250	20	600	123	118600
594		800	400	400	160	300	250	300	300	400	350	100	3200	300	1000	10	25	250	20	600	123	118800
595		800	400	400	160	300	250	300	300	400	350	100	3200	300	1000	10	25	250	20	600	123	119000
596		800	400	400	160	300	250	300	300	400	350	100	3200	300	1000	10	25	250	20	600	123	119200
597		800	400	400	160	300	250	300	300	400	350	100	3200	300	1000	10	25	250	20	600	123	119400
598		800	400	400	160	300	250	300	300	400	350	100	3200	300	1000	10	25	250	20	600	123	119600
599		800	400	400	160	300	250	300	300	400	350	100	3200	300	1000	10	25	250	20	600	123	119800
600		800	400	400	160	300	250	300	300	400	350	100	3200	300	1000	10	25	250	20	600	123	120000
601		800	400	400	160	300	250	300	300	400	350	100	3200	300	1000	10	25	250	20	600	123	120200
602		800	400	400	160	300	250	300	300	400	350	100	3200	300	1000	10	25	250	20	600	123	120400
603		800	400	400	160	300	250	300	300	400	350	100	3200	300	1000	10	25	250	20	600	123	120600
604		800	400	400	160	300	250	300	300	400	350	100	3200	300	1000	10	25	250	20	600	123	120800
605		800	400	400	160	300	250	300	300	400	350	100	3200	300	1000	10	25	250	20	600	123	121000
606		800	400	400	160	300	250	300	300	400	350	100	3200	300	1000	10	25	250	20	600	123	121200
607		800	400	400	160	300	250	300	300	400	350	100	3200	300	1000	10	25	250	20	600	123	121400
608		800	400	400	160	300	250	300	300	400	350	100	3200	300	1000	10	25	250	20	600	123	121600
609		800	400	400	160	300	250	300	300	400	350	100	3200	300	1000	10	25	250	20	600	123	121800
610		800	400	400	160	300	250	300	300	400	350	100	3200	300	1000	10	25	250	20	600	123	122000
611		800	400	400	160	300	250	300	300	400	350	100	3200	300	1000	10	25	250	20	600	123	122200
612		800	400	400	160	300	250	300	300	400	350	100	3200	300	1000	10	25	250	20	600	123	122400
613		800	400	400	160	300	250	300	300	400	350	100	3200	300	1000	10	25	250	20	600	123	122600
614		800	400	400	160	300	250	300	300	400	350	100	3200	300	1000	10	25	250	20	600	123	122800
615		800	400	400	160	300	250	300	300	400	350	100	3200	300	1000	10	25	250	20	600	123	123000
616		800	400	400	160	300	250	300	300	400	350	100	3200	300	1000	10	25	250	20	600	123	123200
617		800	400	400	160	300	250	300	300	400	350	100	3200	300	1000	10	25	250	20	600	123	123400
618		800	400	400	160	300	250	300	300	400	350	100	3200	300	1000	10	25	250	20	600	123	123600
619		800	400	400	160	300	250	300	300	400	350	100	3200	300	1000	10	25	250	20	600	123	123800
620		800	400	400	160	300	250	300	300	400	350	100	3200	300	1000	10	25	250	20	600	123	124000
621		800	400	400	160	300	250	300	300	400	350	100	3200	300	1000	10	25	250	20	600	123	124200
622		800	400	400	160	300	250	300	300	400	350	100	3200	300	1000	10	25	250	20	600	123	124400
623		800	400	400	160	300	250	300	300	400	350	100	3200	300	1000	10	25	250	20	600	123	124600
624		800	400	400	160	300	250	300	300	400	350	100	3200	300	1000	10	25	250	20	600	123	124800
625		800	400	400	160	300	250	300	300	400	350	100	3200	300	1000	10	25	250	20	600	123	125000
626		800	400	400	160	300	250	300	300	400	350	100	3200	300	1000	10	25	250	20	600	123	125200
627		800	400	400	160	300	250	300	300	400	350	100	3200	300	1000	10	25	250	20	600	123	125400
628		800	400	400	160	300	250	300	300	400	350	100	3200	300	1000	10	25	250	20	600	123	125600
629		800	400	400	160	300	250	300	300	400	350	100	3200	300	1000	10	25	250	20	600	123	125800
630		800	400	400	160	300	250	300	300	400	350	100	3200	300	1000	10	25	250	20	600	123	126000
631		800	400	400	160	300	250	300	300	400	350	100	3200	300	1000	10	25	250	20	600	123	126200
632		800	400	400	160	300	250	300	300	400	350	100	3200	300	1000	10	25	250	20	600	123	126400
633		800	400	400	160	300	250	300	300	400	350	100	3200	300	1000	10	25	250	20	600	123	126600
634		800	400	400	160	300	250	300	300	400	350	100	3200	300	1000	10	25	250	20	600	123	126800
635		800	400	400	160	300	250	300	300	400	350	100	3200	300	1000	10	25	250	20	600	123	127000
636		800	400	400	160	300	250	300	300	400	350	100	3200	300	1000	10	25	250	20	600	123	127200
637		800	400	400	160	300	250	300	300	400	350	100	3200	300	1000	10	25	250	20	600	123	127400
638		800	400	400	160	300	250	300	300	400	350	100	3200	300	1000	10	25	250	20	600	123	127600
639		800	400	400	160	300	250	300	300	400	350	100	3200	300	1000	10	25	250	20	600	123	127800
640		800	400	400	160	300	250	300	300	400	350	100	3200	300	1000	10	25	250	20	600	123	128000
641		800	400	400	160	300	250	300	300	400	350	100	3200	300	1000	10	25	250	20	600	123	128200
642		800	400	400	160	300	250	300	300	400	350	100	3200	300	1000	10	25	250	20	600	123	128400
643		800	400	400	160	300	250	300	300	400	350	100	3200	300	1000	10	25	250	20	600	123	128600
644		800	400	400	160	300	250	300	300	400	350	100	3200	300	1000	10	25	250	20	600	123	128800
645		800	400	400	160	300	250	300	300	400	350	100	3200	300	1000	10	25	250	20	600	123	129000
646		800	400	400	160	300	250	300	300	400	350	100	3200	300	1000	10	25	250	20	600	123	129200
647		800	400	400	160	300	250	300	300	400	350	100	3200	300	1000	10	25	250	20	600	123	129400
648		800	400	400	160	300	250	300	300	400	350	100	3200	300	1000	10	25	250	20	600	123	129600
649		800	400	400	160	300	250	300	300	400	350	100	3200	300	1000	10	25	250	20	600	123	129800
650		800	400	400	160	300	250	300	300	400	350	100	3200	300	1000	10	25	250	20	600	123	130000
651		800	400	400	160	300	250	300	300	400	350	100	3200	300	1000	10	25	250	20	600	123	130200
652		800	400	400	160	300	250	300	300	400	350	100	3200	300	1000	10	25	250	20	600	123	130400
653		800	400	400	160	300	250	300	300	400	350	100	3200	300	1000	10	25	250	20	600	123	130600
654		800	400	400	160	300	250	300	300	400	350	100	3200	300	1000	10	25	250	20	600	123	130800
655		800	400	400	160	300	250	300	300	400	350	100	3200	300	1000	10	25	250	20	600	123	131000
656		800	400	400	160	300	250	300	300	400	350	100	3200	300	1000	10	25	250	20	600	123	131200
657		800	400	400	160	300	250	300	300	400	350	100	3200	300	1000	10	25	250	20	600	123	131400
658		800	400	400	160	300	250	300	300	400	350	100	3200	300	1000	10	25	250	20	600	123	131600
659		800	400	400	160	300	250	300	300	400	350	100	3200	300	1000	10	25	250	20	600	123	131800
660		800	400	400	160	300	250	300	300	400	350	100	3200	300	1000	10	25	250	20	600	123	132000
661		800	400	400	160	300	250	300	300	400	350	100	3200	300	1000	10	25	250	20	600	123	132200
662		800	400	400	160	300	250	300	300	400	350	100	3200	300	1000	10	25	250	20	600	123	132400
663		800	400	400	160	300	250	300	300	400	350	100	3200	300	1000	10	25	250	20	600	123	132600
664		800	400	400	160	300	250	300	300	400	350	100	3200	300	1000	10	25	250	20	600	123	132800
665		800	400	400	160	300	250	300	300	400	350	100	3200	300	1000	10	25	250	20	600	123	133000
666		800	400	400	160	300	250	300	300	400	350	100	3200	300	1000	10	25	250	20	600	123	133200
667		800	400	400	160	300	250	300	300	400	350	100	3200	300	1000	10	25	250	20	600	123	133400
668		800	400	400	160	300	250	300	300	400	350	100	3200	300	1000	10	25	250	20	600	123	133600
669		800	400	400	160	300	250	300	300	400	350	100	3200	300	1000	10	25	250	20	600	123	133800
670		800	400	400	160	300	250	300	300	400	350	100	3200	300	1000	10	25	250	20	600	123	134000
671		800	400	400	160	300	250	300	300	400	350	100	3200	300	1000	10	25	250	20	600	123	134200
672		800	400	400	160	300	250	300	300	400	350	100	3200	300	1000	10	25	250	20	600	123	134400
673		800	400	400	160	300	250	300	300	400	350	100	3200	300	1000	10	25	250	20	600	123	134600
674		800	400	400	160	300	250	300	300	400	350	100	3200	300	1000	10	25	250	20	600	123	134800
675		800	400	400	160	300	250	300	300	400	350	100	3200	300	1000	10	25	250	20	600	123	135000
676		800	400	400	160	300	250	300	300	400	350	100	3200	300	1000	10	25	250	20	600	123	135200
677		800	400	400	160	300	250	300	300	400	350	100	3200	300	1000	10	25	250	20	600	123	135400
678		800	400	400	160	300	250	300	300	400	350	100	3200	300	1000	10	25	250	20	600	123	135600
679		800	400	400	160	300	250	300	300	400	350	100	3200	300	1000	10	25	250	20	600	123	135800
680		800	400	400	160	300	250	300	300	400	350	100	3200	300	1000	10	25	250	20	600	123	136000
681		800	400	400	160	300	250	300	300	400	350	100	3200	300	1000	10	25	250	20	600	123	136200
682		800	400	400	160	300	250	300	300	400	350	100	3200	300	1000	10	25	250	20	600	123	136400
683		800	400	400	160	300	250	300	300	400	350	100	3200	300	1000	10	25	250	20	600	123	136600
684		800	400	400	160	300	250	300	300	400	350	100	3200	300	1000	10	25	250	20	600	123	136800
685		800	400	400	160	300	250	300	300	400	350	100	3200	300	1000	10	25	250	20	600	123	137000
686		800	400	400	160	300	250	300	300	400	350	100	3200	300	1000	10	25	250	20	600	123	137200
687		800	400	400	160	300	250	300	300	400	350	100	3200	300	1000	10	25	250	20	600	123	137400
688		800	400	400	160	300	250	300	300	400	350	100	3200	300	1000	10	25	250	20	600	123	137600
689		800	400	400	160	300	250	300	300	400	350	100	3200	300	1000	10	25	250	20	600	123	137800
690		800	400	400	160	300	250	300	300	400	350	100	3200	300	1000	10	25	250	20	600	123	138000
691		800	400	400	160	300	250	300	300	400	350	100	3200	300	1000	10	25	250	20	600	123	138200
692		800	400	400	160	300	250	300	300	400	350	100	3200	300	1000	10	25	250	20	600	123	138400
693		800	400	400	160	300	250	300	300	400	350	100	3200	300	1000	10	25	250	20	600	123	138600
694		800	400	400	160	300	250	300	300	400	350	100	3200	300	1000	10	25	250	20	600	123	138800
695		800	400	400	160	300	250	300	300	400	350	100	3200	300	1000	10	25	250	20	600	123	139000
696		800	400	400	160	300	250	300	300	400	350	100	3200	300	1000	10	25	250	20	600	123	139200
697		800	400	400	160	300	250	300	300	400	350	100	3200	300	1000	10	25	250	20	600	123	139400
698		800	400	400	160	300	250	300	300	400	350	100	3200	300	1000	10	25	250	20	600	123	139600
699		800	400	400	160	300	250	300	300	400	350	100	3200	300	1000	10	25	250	20	600	123	139800
700		800	400	400	160	300	250	300	300	400	350	100	3200	300	1000	10	25	250	20	600	123	140000
