INT	INT	INT	STRING	INT	INT	INT	INT	INT
id	level1	level2	desc	type	value1	value2	value3	weight
1	0	999	金币	1	1	0	0	60000
2	15	999	金币	1	1	0	0	20000
3	40	999	金币	1	1	0	0	20000
4	0	999	钻石	1	2	10	0	1000
5	30	999	钻石	1	2	10	0	1000
6	0	999	战魂	1	5	30	0	5000
7	0	999	体力药水	2	10010002	1	0	1000
8	0	999	能量药水	2	10010007	1	0	1000
9	0	999	金色装备箱	2	10010034	1	0	1000
10	0	999	金色饰品箱	2	10010061	1	0	4000
11	0	999	强尼团长碎片	2	30010004	1	0	2000
12	0	999	强袭天使碎片	2	30010006	1	0	800
13	0	999	炮击天使碎片	2	30010007	1	0	800
14	0	999	斩击天使碎片	2	30010008	1	0	800
15	0	999	阿米巴碎片	2	30010023	1	0	2000
16	0	999	女武神碎片	2	30010024	1	0	800
17	0	999	苍破将军碎片	2	30010026	1	0	2000
18	0	999	机甲将军碎片	2	30010027	1	0	800
19	0	999	机械女仆碎片	2	30010035	1	0	800
20	0	999	黄金神王碎片	2	30010036	1	0	800
21	0	999	白银神王碎片	2	30010037	1	0	2000
22	0	999	青鬼碎片	2	30010041	1	0	2000
23	0	999	青鬼王碎片	2	30010042	1	0	800
24	0	999	幸运兔碎片	2	30010043	1	0	2000
25	0	999	猫又碎片	2	30010046	1	0	2000
26	0	999	夜魇碎片	2	30010049	1	0	800
27	0	999	月兔碎片	2	30010052	1	0	800
28	0	999	欲望君主碎片	2	30010053	1	0	800
29	0	999	妖狐少女碎片	2	30010055	1	0	800
30	0	999	赤鬼王碎片	2	30010057	1	0	800
31	0	999	赤鬼碎片	2	30010058	1	0	2000
32	0	999	白蛇妖碎片	2	30010059	1	0	800
33	0	999	雪女碎片	2	30010062	1	0	800
34	0	999	九尾妖狐碎片	2	30010066	1	0	800
35	0	999	鬼巫女碎片	2	30010067	1	0	800
36	0	999	座敷童子碎片	2	30010069	1	0	800
37	0	999	穿越者碎片	2	30010100	1	0	800
38	0	999	钢妹碎片	2	30010101	1	0	800
39	40	999	明日少尉碎片	2	30010201	1	0	100
40	40	999	斗人碎片	2	30010202	1	0	100
41	40	999	炮姐碎片	2	30010203	1	0	100
42	40	999	黑色射手碎片	2	30010204	1	0	100
43	40	999	波波利碎片	2	30010205	1	0	100
44	40	999	zero碎片	2	30010206	1	0	100
45	40	999	妖妄之梦碎片	2	30010207	1	0	100
46	40	999	幽灵公主碎片	2	30010208	1	0	100
47	40	999	红白碎片	2	30010209	1	0	100
48	40	999	C.C碎片	2	30010211	1	0	100
49	40	999	初音战士碎片	2	30010212	1	0	100
50	40	999	奈亚酱碎片	2	30010213	1	0	100
51	40	999	黑子碎片	2	30010214	1	0	100
52	40	999	紫妈碎片	2	30010215	1	0	100
53	50	999	装备改造石	2	50010001	1	0	4000
54	0	999	商店刷新石	2	50020001	1	0	2000
55	30	999	神之金属	2	50070001	1	0	4000
56	0	999	狂野巨剑碎片	2	70010101	1	0	500
57	0	999	钢化之枪碎片	2	70010102	1	0	500
58	0	999	极速之光碎片	2	70010103	1	0	500
59	0	999	守护之锤碎片	2	70010104	1	0	500
60	0	999	疾风手枪碎片	2	70010105	1	0	500
61	0	999	毁灭镰刀碎片	2	70010106	1	0	500
62	0	999	活力巨剑碎片	2	70010201	1	0	500
63	0	999	合金之枪碎片	2	70010202	1	0	500
64	0	999	迅影之光碎片	2	70010203	1	0	500
65	0	999	暮冰之锤碎片	2	70010204	1	0	500
66	0	999	裂空手枪碎片	2	70010205	1	0	500
67	0	999	玄铁镰刀碎片	2	70010206	1	0	500
68	30	999	精金巨剑碎片	2	70010301	1	0	200
69	30	999	秘银之枪碎片	2	70010302	1	0	200
70	30	999	无双之光碎片	2	70010303	1	0	200
71	30	999	幻影之锤碎片	2	70010304	1	0	200
72	30	999	封灵手枪碎片	2	70010305	1	0	200
73	30	999	暗影镰刀碎片	2	70010306	1	0	200
74	50	999	永恒巨剑碎片	2	70010401	1	0	50
75	50	999	晶铸之枪碎片	2	70010402	1	0	50
76	50	999	闪电之光碎片	2	70010403	1	0	50
77	50	999	炽光之锤碎片	2	70010404	1	0	50
78	50	999	雷鸣手枪碎片	2	70010405	1	0	50
79	50	999	混元镰刀碎片	2	70010406	1	0	50
80	0	999	狂野战甲碎片	2	70020101	1	0	500
81	0	999	钢化战甲碎片	2	70020102	1	0	500
82	0	999	极速战甲碎片	2	70020103	1	0	500
83	0	999	守护战甲碎片	2	70020104	1	0	500
84	0	999	疾风战甲碎片	2	70020105	1	0	500
85	0	999	毁灭战甲碎片	2	70020106	1	0	500
86	0	999	活力战甲碎片	2	70020201	1	0	500
87	0	999	合金战甲碎片	2	70020202	1	0	500
88	0	999	迅影战甲碎片	2	70020203	1	0	500
89	0	999	暮冰战甲碎片	2	70020204	1	0	500
90	0	999	裂空战甲碎片	2	70020205	1	0	500
91	0	999	玄铁战甲碎片	2	70020206	1	0	500
92	30	999	精金战甲碎片	2	70020301	1	0	200
93	30	999	秘银战甲碎片	2	70020302	1	0	200
94	30	999	无双战甲碎片	2	70020303	1	0	200
95	30	999	幻影战甲碎片	2	70020304	1	0	200
96	30	999	封灵战甲碎片	2	70020305	1	0	200
97	30	999	暗影战甲碎片	2	70020306	1	0	200
98	50	999	永恒战甲碎片	2	70020401	1	0	50
99	50	999	晶铸战甲碎片	2	70020402	1	0	50
100	50	999	闪电战甲碎片	2	70020403	1	0	50
101	50	999	炽光战甲碎片	2	70020404	1	0	50
102	50	999	雷鸣战甲碎片	2	70020405	1	0	50
103	50	999	混元战甲碎片	2	70020406	1	0	50
104	0	999	狂野护手碎片	2	70030101	1	0	500
105	0	999	钢化护手碎片	2	70030102	1	0	500
106	0	999	极速护手碎片	2	70030103	1	0	500
107	0	999	守护护手碎片	2	70030104	1	0	500
108	0	999	疾风护手碎片	2	70030105	1	0	500
109	0	999	毁灭护手碎片	2	70030106	1	0	500
110	0	999	活力护手碎片	2	70030201	1	0	500
111	0	999	合金护手碎片	2	70030202	1	0	500
112	0	999	迅影护手碎片	2	70030203	1	0	500
113	0	999	暮冰护手碎片	2	70030204	1	0	500
114	0	999	裂空护手碎片	2	70030205	1	0	500
115	0	999	玄铁护手碎片	2	70030206	1	0	500
116	30	999	精金护手碎片	2	70030301	1	0	200
117	30	999	秘银护手碎片	2	70030302	1	0	200
118	30	999	无双护手碎片	2	70030303	1	0	200
119	30	999	幻影护手碎片	2	70030304	1	0	200
120	30	999	封灵护手碎片	2	70030305	1	0	200
121	30	999	暗影护手碎片	2	70030306	1	0	200
122	50	999	永恒护手碎片	2	70030401	1	0	50
123	50	999	晶铸护手碎片	2	70030402	1	0	50
124	50	999	闪电护手碎片	2	70030403	1	0	50
125	50	999	炽光护手碎片	2	70030404	1	0	50
126	50	999	雷鸣护手碎片	2	70030405	1	0	50
127	50	999	混元护手碎片	2	70030406	1	0	50
128	0	999	狂野战靴碎片	2	70040101	1	0	500
129	0	999	钢化战靴碎片	2	70040102	1	0	500
130	0	999	极速战靴碎片	2	70040103	1	0	500
131	0	999	守护战靴碎片	2	70040104	1	0	500
132	0	999	疾风战靴碎片	2	70040105	1	0	500
133	0	999	毁灭战靴碎片	2	70040106	1	0	500
134	0	999	活力战靴碎片	2	70040201	1	0	500
135	0	999	合金战靴碎片	2	70040202	1	0	500
136	0	999	迅影战靴碎片	2	70040203	1	0	500
137	0	999	暮冰战靴碎片	2	70040204	1	0	500
138	0	999	裂空战靴碎片	2	70040205	1	0	500
139	0	999	玄铁战靴碎片	2	70040206	1	0	500
140	30	999	精金战靴碎片	2	70040301	1	0	200
141	30	999	秘银战靴碎片	2	70040302	1	0	200
142	30	999	无双战靴碎片	2	70040303	1	0	200
143	30	999	幻影战靴碎片	2	70040304	1	0	200
144	30	999	封灵战靴碎片	2	70040305	1	0	200
145	30	999	暗影战靴碎片	2	70040306	1	0	200
146	50	999	永恒战靴碎片	2	70040401	1	0	50
147	50	999	晶铸战靴碎片	2	70040402	1	0	50
148	50	999	闪电战靴碎片	2	70040403	1	0	50
149	50	999	炽光战靴碎片	2	70040404	1	0	50
150	50	999	雷鸣战靴碎片	2	70040405	1	0	50
151	50	999	混元战靴碎片	2	70040406	1	0	50
152	15	999	蓝冰之链碎片A	2	60020011	1	0	1000
153	15	999	蓝冰之链碎片B	2	60020012	1	0	1000
154	15	999	蓝冰之链碎片C	2	60020013	1	0	1000
155	15	999	蓝冰之戒碎片A	2	60020021	1	0	1000
156	15	999	蓝冰之戒碎片B	2	60020022	1	0	1000
157	15	999	蓝冰之戒碎片C	2	60020023	1	0	1000
158	15	999	蓝冰徽章碎片A	2	60020031	1	0	1000
159	15	999	蓝冰徽章碎片B	2	60020032	1	0	1000
160	15	999	蓝冰徽章碎片C	2	60020033	1	0	1000
161	15	999	蓝冰护符碎片A	2	60020041	1	0	1000
162	15	999	蓝冰护符碎片B	2	60020042	1	0	1000
163	15	999	蓝冰护符碎片C	2	60020043	1	0	1000
164	15	999	紫云之链碎片A	2	60030011	1	0	400
165	15	999	紫云之链碎片B	2	60030012	1	0	400
166	15	999	紫云之链碎片C	2	60030013	1	0	400
167	15	999	紫云之链碎片D	2	60030014	1	0	400
168	15	999	紫云之戒碎片A	2	60030021	1	0	400
169	15	999	紫云之戒碎片B	2	60030022	1	0	400
170	15	999	紫云之戒碎片C	2	60030023	1	0	400
171	15	999	紫云之戒碎片D	2	60030024	1	0	400
172	15	999	紫云徽章碎片A	2	60030031	1	0	400
173	15	999	紫云徽章碎片B	2	60030032	1	0	400
174	15	999	紫云徽章碎片C	2	60030033	1	0	400
175	15	999	紫云徽章碎片D	2	60030034	1	0	400
176	15	999	紫云护符碎片A	2	60030041	1	0	400
177	15	999	紫云护符碎片B	2	60030042	1	0	400
178	15	999	紫云护符碎片C	2	60030043	1	0	400
179	15	999	紫云护符碎片D	2	60030044	1	0	400
180	15	999	荣耀之链碎片A	2	60040011	1	0	200
181	15	999	荣耀之链碎片B	2	60040012	1	0	200
182	15	999	荣耀之链碎片C	2	60040013	1	0	200
183	15	999	荣耀之链碎片D	2	60040014	1	0	200
184	15	999	荣耀之链碎片E	2	60040015	1	0	200
185	15	999	荣耀之戒碎片A	2	60040021	1	0	200
186	15	999	荣耀之戒碎片B	2	60040022	1	0	200
187	15	999	荣耀之戒碎片C	2	60040023	1	0	200
188	15	999	荣耀之戒碎片D	2	60040024	1	0	200
189	15	999	荣耀之戒碎片E	2	60040025	1	0	200
190	15	999	荣耀徽章碎片A	2	60040031	1	0	200
191	15	999	荣耀徽章碎片B	2	60040032	1	0	200
192	15	999	荣耀徽章碎片C	2	60040033	1	0	200
193	15	999	荣耀徽章碎片D	2	60040034	1	0	200
194	15	999	荣耀徽章碎片E	2	60040035	1	0	200
195	15	999	荣耀护符碎片A	2	60040041	1	0	200
196	15	999	荣耀护符碎片B	2	60040042	1	0	200
197	15	999	荣耀护符碎片C	2	60040043	1	0	200
198	15	999	荣耀护符碎片D	2	60040044	1	0	200
199	15	999	荣耀护符碎片E	2	60040045	1	0	200
200	15	999	蓝晶石碎片A	2	60120011	1	0	1000
201	15	999	蓝晶石碎片B	2	60120012	1	0	1000
202	15	999	蓝晶石碎片C	2	60120013	1	0	1000
203	15	999	紫晶石碎片A	2	60130011	1	0	400
204	15	999	紫晶石碎片B	2	60130012	1	0	400
205	15	999	紫晶石碎片C	2	60130013	1	0	400
206	15	999	紫晶石碎片D	2	60130014	1	0	400
207	0	999	节日祝福	2	80020001	1	0	18000
208	15	999	节日祝福	2	80020001	1	0	7200
209	40	999	节日祝福	2	80020001	1	0	7200
